p.value	p.adjust	chi_square_statistic	Gene	n_cond1	n_cond2	n_samples_cond1	n_samples_cond2	n_possible_sites_cond1	n_possible_sites_cond2	p.adjust2
8.99E-52	3.77E-48	229.1821733	SPN	8	148	12	8	600	400	3.98E-45
1.21E-44	2.54E-41	196.4998322	EIF2AK2	19	147	12	8	552	368	2.68E-38
4.36E-41	6.10E-38	180.2085209	GABPB1-AS1	0	110	12	8	672	448	6.42E-35
3.72E-34	3.90E-31	148.4822858	CCAR1	6	103	12	8	612	408	4.10E-28
6.38E-34	5.35E-31	147.4112001	HOOK3	0	89	12	8	480	320	5.62E-28
1.65E-33	1.16E-30	145.5189181	CCDC84	0	88	12	8	480	320	1.21E-27
6.11E-31	3.20E-28	133.7787861	SIK3	20	120	12	8	816	544	3.36E-25
6.03E-31	3.20E-28	133.8043699	POLG2	6	94	12	8	552	368	3.36E-25
2.75E-30	1.28E-27	130.7942708	RB1CC1	7	93	12	8	492	328	1.34E-24
9.26E-30	3.89E-27	128.3816629	ZNF83	0	79	12	8	492	328	4.06E-24
2.14E-29	8.18E-27	126.7152672	RBM5	18	107	12	8	468	312	8.54E-24
8.01E-26	2.80E-23	110.400641	LUC7L	0	70	12	8	588	392	2.92E-20
6.37E-25	2.06E-22	106.2901194	MED13	6	79	12	8	588	392	2.14E-19
1.18E-23	3.55E-21	100.5019331	MATR3	2	67	12	8	456	304	3.69E-18
2.58E-23	7.21E-21	98.9588062	RNF220	270	44	12	8	1596	1064	7.50E-18
2.58E-22	6.36E-20	94.40161666	NFATC2IP	1	62	12	8	492	328	6.61E-17
2.50E-22	6.36E-20	94.45929639	ZNF726	0	54	12	8	192	128	6.61E-17
3.36E-22	7.83E-20	93.8755138	ENOSF1	2	63	12	8	432	288	8.12E-17
3.69E-22	8.15E-20	93.69068593	DAP3	10	76	12	8	408	272	8.44E-17
8.59E-22	1.80E-19	92.0168915	PSMD12	1	58	12	8	300	200	1.87E-16
1.94E-21	3.88E-19	90.40527344	TMEM41B	1	59	12	8	420	280	4.01E-16
3.49E-21	6.67E-19	89.24137194	RPL30	0	49	12	8	144	96	6.89E-16
4.40E-21	8.04E-19	88.78346293	C6orf62	0	53	12	8	240	160	8.29E-16
5.96E-21	1.04E-18	88.18557518	ZNF43	7	65	12	8	264	176	1.07E-15
6.24E-21	1.05E-18	88.0942452	FAM192A	0	55	12	8	360	240	1.08E-15
8.03E-21	1.30E-18	87.59558824	RP11-119K6.6	1	49	12	8	132	88	1.33E-15
1.72E-20	2.68E-18	86.08637394	METTL7A	0	49	12	8	168	112	2.75E-15
2.87E-20	4.30E-18	85.078125	DFFA	19	85	12	8	468	312	4.41E-15
3.73E-20	5.39E-18	84.55964417	SLC20A2	1	55	12	8	360	240	5.53E-15
5.77E-20	8.07E-18	83.69493908	RP11-613M10.9	1	54	12	8	324	216	8.28E-15
6.03E-20	8.16E-18	83.6084398	CTD-2116N17.1	2	56	12	8	336	224	8.36E-15
8.99E-20	1.18E-17	82.82005576	GINS4	0	51	12	8	288	192	1.21E-14
9.70E-20	1.23E-17	82.66923648	PUM1	35	106	12	8	612	408	1.26E-14
1.84E-19	2.27E-17	81.40236538	PSMB2	17	65	12	8	132	88	2.32E-14
2.89E-19	3.46E-17	80.51200565	NUP98	25	93	12	8	708	472	3.53E-14
4.17E-19	4.86E-17	79.78618421	RP11-498C9.15	4	56	12	8	264	176	4.96E-14
6.20E-19	7.04E-17	79.0019334	ZFAND6	0	48	12	8	240	160	7.16E-14
9.89E-19	1.09E-16	78.08054957	APOBEC3F	1	47	12	8	168	112	1.11E-13
1.04E-18	1.12E-16	77.98072504	NT5C2	6	62	12	8	540	360	1.14E-13
1.69E-18	1.77E-16	77.02598889	RAD51-AS1	3	54	12	8	324	216	1.80E-13
1.77E-18	1.81E-16	76.93094992	RBM14-RBM4	0	46	12	8	204	136	1.84E-13
4.41E-18	4.40E-16	75.12918653	KMT2E	2	52	12	8	396	264	4.46E-13
5.26E-18	5.13E-16	74.78123641	ZNF346	0	47	12	8	312	208	5.19E-13
6.66E-18	6.35E-16	74.3147394	CAND1	0	43	12	8	156	104	6.42E-13
7.73E-18	7.21E-16	74.02036512	MARK3	0	47	12	8	348	232	7.28E-13
1.53E-17	1.39E-15	72.679513	NOP58	15	73	12	8	564	376	1.40E-12
2.02E-17	1.81E-15	72.12164751	CSF3R	38	94	12	8	288	192	1.82E-12
2.49E-17	2.17E-15	71.71445639	GDPD1	2	43	12	8	120	80	2.19E-12
2.95E-17	2.53E-15	71.37491488	GP6	0	44	12	8	240	160	2.54E-12
5.07E-17	4.25E-15	70.30960648	CCT8	0	40	12	8	132	88	4.28E-12
5.37E-17	4.42E-15	70.19636665	TXN	0	33	12	8	60	40	4.43E-12
5.71E-17	4.60E-15	70.07582507	COG7	0	41	12	8	156	104	4.62E-12
7.65E-17	6.06E-15	69.4973262	KAT6B	4	51	12	8	288	192	6.07E-12
8.48E-17	6.59E-15	69.29519769	ZNF587	3	50	12	8	348	232	6.59E-12
9.95E-17	7.59E-15	68.97990544	PDS5A	11	64	12	8	468	312	7.59E-12
1.39E-16	1.04E-14	68.31925537	SOAT1	10	57	12	8	204	136	1.04E-11
1.52E-16	1.12E-14	68.15018315	ANAPC5	8	57	12	8	312	208	1.11E-11
2.37E-16	1.71E-14	67.26997425	RAB10	22	79	12	8	552	368	1.71E-11
3.31E-16	2.35E-14	66.61174402	RP11-760H22.2	0	41	12	8	216	144	2.34E-11
6.78E-16	4.74E-14	65.19618056	RP11-1021N1.1	0	40	12	8	204	136	4.72E-11
1.02E-15	6.99E-14	64.39851655	EIF3M	0	39	12	8	180	120	6.95E-11
1.18E-15	8.02E-14	64.09706807	SFT2D1	0	34	12	8	84	56	7.96E-11
1.54E-15	1.02E-13	63.58141447	XPNPEP3	0	40	12	8	252	168	1.02E-10
1.69E-15	1.11E-13	63.39756944	DCAF16	9	51	12	8	156	104	1.10E-10
1.77E-15	1.14E-13	63.3035851	ARPC2	12	62	12	8	468	312	1.13E-10
1.79E-15	1.14E-13	63.27864583	RNF114	0	40	12	8	264	176	1.13E-10
3.61E-15	2.26E-13	61.9010508	NUTM2A-AS1	23	75	12	8	408	272	2.23E-10
4.20E-15	2.59E-13	61.60355348	HKR1	1	41	12	8	264	176	2.56E-10
4.26E-15	2.59E-13	61.57726612	YIPF4	12	59	12	8	312	208	2.56E-10
4.69E-15	2.81E-13	61.3884774	ANAPC16	0	38	12	8	204	136	2.77E-10
4.83E-15	2.86E-13	61.32822478	RPL34	2	43	12	8	288	192	2.81E-10
5.10E-15	2.97E-13	61.22088766	PHTF1	12	60	12	8	396	264	2.92E-10
5.63E-15	3.23E-13	61.0286108	CDKAL1	4	45	12	8	216	144	3.18E-10
6.21E-15	3.52E-13	60.83320337	SMEK1	1	41	12	8	300	200	3.46E-10
6.87E-15	3.84E-13	60.63534567	EZH2	10	55	12	8	276	184	3.77E-10
7.40E-15	4.09E-13	60.48837209	MIS18BP1	4	46	12	8	288	192	4.00E-10
9.72E-15	5.30E-13	59.95160513	AC002310.13	0	38	12	8	252	168	5.18E-10
1.03E-14	5.56E-13	59.83229251	CTC-444N24.11	0	34	12	8	108	72	5.43E-10
1.19E-14	6.35E-13	59.54558076	SMARCC1	24	77	12	8	624	416	6.19E-10
1.21E-14	6.36E-13	59.517352	TGIF2-C20orf24	2	43	12	8	408	272	6.20E-10
1.48E-14	7.66E-13	59.12615399	PAFAH1B1	5	48	12	8	396	264	7.46E-10
1.50E-14	7.66E-13	59.10258556	DNAJC24	0	37	12	8	216	144	7.46E-10
1.96E-14	9.91E-13	58.57142857	SPC24	0	35	12	8	144	96	9.63E-10
3.22E-14	1.61E-12	57.5979021	PHACTR4	7	48	12	8	228	152	1.56E-09
3.55E-14	1.73E-12	57.40182901	TAF15	0	34	12	8	132	88	1.68E-09
3.55E-14	1.73E-12	57.40182901	ZNF69	0	34	12	8	132	88	1.68E-09
4.57E-14	2.21E-12	56.90577652	FAM126B	2	38	12	8	156	104	2.13E-09
4.88E-14	2.33E-12	56.77604944	SENP6	1	38	12	8	240	160	2.25E-09
5.27E-14	2.49E-12	56.6252035	RPS20	0	36	12	8	240	160	2.40E-09
8.14E-14	3.79E-12	55.7718472	NDUFV3	1	38	12	8	288	192	3.66E-09
8.41E-14	3.88E-12	55.70695696	ZNF506	0	36	12	8	288	192	3.74E-09
1.05E-13	4.78E-12	55.27412281	WSB1	1	37	12	8	228	152	4.60E-09
1.18E-13	5.32E-12	55.04187648	ZNF397	1	36	12	8	180	120	5.12E-09
1.20E-13	5.37E-12	55.00466568	NR2C1	2	39	12	8	252	168	5.16E-09
1.35E-13	5.94E-12	54.78336189	STXBP5	15	57	12	8	228	152	5.71E-09
1.38E-13	6.03E-12	54.73380142	RN7SL498P	0	34	12	8	180	120	5.78E-09
1.42E-13	6.16E-12	54.67160133	RP11-762I7.5	3	41	12	8	288	192	5.90E-09
2.86E-13	1.23E-11	53.29954381	SMG6	0	34	12	8	228	152	1.17E-08
3.68E-13	1.56E-11	52.8053566	SYMPK	0	34	12	8	252	168	1.49E-08
3.86E-13	1.62E-11	52.71207879	MDM4	17	61	12	8	360	240	1.55E-08
4.37E-13	1.82E-11	52.46760079	RP11-453F18__B.1	5	44	12	8	396	264	1.73E-08
6.22E-13	2.56E-11	51.77775142	SNURF	1	33	12	8	132	88	2.44E-08
7.57E-13	3.08E-11	51.38992229	RP3-475N16.1	6	42	12	8	180	120	2.94E-08
8.09E-13	3.24E-11	51.26056202	RPL22	0	33	12	8	240	160	3.08E-08
8.11E-13	3.24E-11	51.25604483	RPS20	0	31	12	8	132	88	3.08E-08
9.04E-13	3.58E-11	51.04166667	STK4	0	30	12	8	108	72	3.40E-08
9.82E-13	3.85E-11	50.88038569	KCTD20	5	42	12	8	276	184	3.65E-08
1.07E-12	4.15E-11	50.71701801	TTC19	3	38	12	8	228	152	3.93E-08
1.11E-12	4.27E-11	50.63962983	LINC00843	1	32	12	8	120	80	4.04E-08
1.21E-12	4.63E-11	50.46252927	MAPK1IP1L	1	34	12	8	204	136	4.38E-08
1.81E-12	6.86E-11	49.67456427	YME1L1	2	34	12	8	144	96	6.48E-08
1.98E-12	7.43E-11	49.50067278	SNRNP40	6	41	12	8	180	120	7.01E-08
2.67E-12	9.92E-11	48.91699018	XPOT	0	29	12	8	108	72	9.34E-08
2.88E-12	1.06E-10	48.77059182	GABPB2	4	40	12	8	384	256	9.97E-08
2.97E-12	1.08E-10	48.71014978	FDPS	2	35	12	8	216	144	1.02E-07
3.07E-12	1.11E-10	48.64588898	RAP1B	0	32	12	8	300	200	1.04E-07
3.39E-12	1.20E-10	48.45121272	LINC00467	0	31	12	8	204	136	1.13E-07
3.39E-12	1.20E-10	48.45121272	SLC35E3	0	31	12	8	204	136	1.13E-07
3.76E-12	1.33E-10	48.2439576	CMSS1	11	46	12	8	156	104	1.24E-07
3.80E-12	1.33E-10	48.22639541	PSPC1	5	40	12	8	240	160	1.24E-07
3.85E-12	1.34E-10	48.19926126	PAAF1	5	41	12	8	336	224	1.25E-07
4.09E-12	1.38E-10	48.08272947	RP11-512M8.5	0	30	12	8	156	104	1.29E-07
4.09E-12	1.38E-10	48.08272947	FCF1	0	30	12	8	156	104	1.29E-07
4.09E-12	1.38E-10	48.08272947	RBBP9	0	30	12	8	156	104	1.29E-07
4.43E-12	1.45E-10	47.92586973	USP9X	2	35	12	8	252	168	1.35E-07
4.45E-12	1.45E-10	47.91339664	USP33	5	41	12	8	360	240	1.35E-07
4.43E-12	1.45E-10	47.92388167	AHR	0	28	12	8	96	64	1.35E-07
4.44E-12	1.45E-10	47.91914683	APOBEC3D	0	24	12	8	48	32	1.35E-07
4.38E-12	1.45E-10	47.94489632	RNF125	0	31	12	8	228	152	1.35E-07
6.20E-12	1.98E-10	47.26650418	HINFP	0	29	12	8	132	88	1.84E-07
6.20E-12	1.98E-10	47.26650418	ZFAND1	0	29	12	8	132	88	1.84E-07
6.50E-12	2.07E-10	47.17324144	GNB1	31	77	12	8	696	464	1.91E-07
6.81E-12	2.15E-10	47.08201058	CBFB	2	33	12	8	156	104	1.98E-07
6.85E-12	2.15E-10	47.0688101	SKP1	1	31	12	8	144	96	1.98E-07
7.64E-12	2.38E-10	46.85558147	HSPD1	9	44	12	8	192	128	2.19E-07
7.78E-12	2.40E-10	46.82037124	PFDN5	0	28	12	8	108	72	2.21E-07
8.38E-12	2.57E-10	46.67592744	RBM39	0	29	12	8	144	96	2.35E-07
8.53E-12	2.58E-10	46.63957871	GART	3	36	12	8	252	168	2.36E-07
8.48E-12	2.58E-10	46.65098566	PABPC1	0	30	12	8	204	136	2.36E-07
9.64E-12	2.89E-10	46.40100381	MYB	5	40	12	8	348	232	2.64E-07
1.01E-11	3.02E-10	46.3021978	XPO1	15	55	12	8	432	288	2.76E-07
1.08E-11	3.16E-10	46.18182147	ARHGAP11B	2	34	12	8	252	168	2.89E-07
1.07E-11	3.16E-10	46.18761507	ZNF101	0	29	12	8	156	104	2.89E-07
1.40E-11	4.06E-10	45.66320693	BAZ1B	3	35	12	8	216	144	3.70E-07
1.40E-11	4.06E-10	45.66377099	PDZD8	1	31	12	8	180	120	3.70E-07
1.42E-11	4.07E-10	45.64701897	NEMF	0	30	12	8	264	176	3.70E-07
1.60E-11	4.56E-10	45.4057352	BAZ1A	1	32	12	8	288	192	4.14E-07
1.61E-11	4.56E-10	45.39788488	ENSA	4	38	12	8	396	264	4.14E-07
1.67E-11	4.70E-10	45.32552083	CHKA	1	31	12	8	192	128	4.26E-07
1.69E-11	4.72E-10	45.30304439	FOXRED2	0	28	12	8	132	88	4.27E-07
2.07E-11	5.74E-10	44.90613805	CTD-3222D19.2	3	35	12	8	252	168	5.19E-07
2.16E-11	5.96E-10	44.82058135	DENND4A	8	44	12	8	396	264	5.38E-07
2.30E-11	6.32E-10	44.69293002	GCNT2	2	32	12	8	168	112	5.70E-07
2.39E-11	6.51E-10	44.6228342	TDG	1	30	12	8	156	104	5.86E-07
2.80E-11	7.54E-10	44.3089337	KAT8	0	28	12	8	156	104	6.79E-07
2.80E-11	7.54E-10	44.3089337	STX2	0	28	12	8	156	104	6.79E-07
3.15E-11	8.43E-10	44.07950437	RABGEF1	0	29	12	8	252	168	7.57E-07
3.33E-11	8.83E-10	43.97523728	ANKRD10	0	27	12	8	120	80	7.92E-07
3.81E-11	1.01E-09	43.70675223	ZNF730	1	31	12	8	288	192	9.02E-07
4.01E-11	1.04E-09	43.60720851	RP11-201K10.3	0	28	12	8	180	120	9.30E-07
3.97E-11	1.04E-09	43.62992729	POLR1D	0	26	12	8	96	64	9.30E-07
4.01E-11	1.04E-09	43.60720851	CEP78	0	28	12	8	180	120	9.30E-07
4.07E-11	1.05E-09	43.582113	DPPA4	11	46	12	8	252	168	9.33E-07
4.21E-11	1.08E-09	43.51225713	LENG8-AS1	3	33	12	8	168	112	9.60E-07
4.33E-11	1.10E-09	43.45940171	LCOR	8	42	12	8	264	176	9.80E-07
4.56E-11	1.15E-09	43.35585586	RPSA	3	32	12	8	132	88	1.02E-06
4.55E-11	1.15E-09	43.36003966	INIP	0	27	12	8	132	88	1.02E-06
5.24E-11	1.31E-09	43.08541285	SLC2A3	0	28	12	8	204	136	1.16E-06
5.88E-11	1.46E-09	42.86037211	CTSB	0	27	12	8	144	96	1.29E-06
6.08E-11	1.50E-09	42.7934652	JPX	1	30	12	8	228	152	1.33E-06
6.35E-11	1.56E-09	42.70916583	C19orf53	0	26	12	8	108	72	1.38E-06
7.26E-11	1.77E-09	42.4464844	POMP	0	27	12	8	156	104	1.56E-06
8.68E-11	2.11E-09	42.09803347	MVB12A	0	27	12	8	168	112	1.86E-06
9.13E-11	2.20E-09	42.00007368	SRGN	0	26	12	8	120	80	1.94E-06
9.24E-11	2.22E-09	41.97552448	YY1AP1	14	51	12	8	468	312	1.95E-06
9.46E-11	2.26E-09	41.92925347	MDM2	0	24	12	8	72	48	1.98E-06
1.11E-10	2.62E-09	41.62529282	SRSF11	16	52	12	8	312	208	2.30E-06
1.16E-10	2.74E-09	41.5308642	RAB2B	0	25	12	8	96	64	2.40E-06
1.20E-10	2.81E-09	41.46880152	RPS10P7	14	50	12	8	372	248	2.46E-06
1.22E-10	2.84E-09	41.4371861	OIP5-AS1	0	26	12	8	132	88	2.48E-06
1.54E-10	3.57E-09	40.97951114	VPS37B	0	26	12	8	144	96	3.12E-06
1.69E-10	3.90E-09	40.79204316	KIAA0101	0	27	12	8	240	160	3.41E-06
1.78E-10	4.08E-09	40.69354839	NDUFC2	0	25	12	8	108	72	3.56E-06
2.20E-10	5.02E-09	40.28038562	R3HDM2	0	26	12	8	168	112	4.37E-06
2.28E-10	5.17E-09	40.21026848	MORF4L1	1	28	12	8	180	120	4.50E-06
2.73E-10	6.17E-09	39.85661204	BDP1	2	30	12	8	216	144	5.36E-06
2.85E-10	6.40E-09	39.77272727	OSBPL1A	3	32	12	8	252	168	5.56E-06
3.22E-10	7.19E-09	39.53418803	HTRA4	0	25	12	8	132	88	6.24E-06
3.34E-10	7.42E-09	39.4628268	ABI1	0	24	12	8	96	64	6.43E-06
3.62E-10	7.99E-09	39.30875483	CRYZL1	2	30	12	8	252	168	6.91E-06
3.93E-10	8.64E-09	39.14622351	PAN3	9	42	12	8	432	288	7.46E-06
4.14E-10	9.04E-09	39.04637897	CDK17	5	35	12	8	276	184	7.81E-06
4.93E-10	1.07E-08	38.70535714	CHD4	1	27	12	8	168	112	9.20E-06
4.93E-10	1.07E-08	38.70392628	NARG2	0	24	12	8	108	72	9.20E-06
5.26E-10	1.13E-08	38.57722216	TMEM106A	2	29	12	8	192	128	9.74E-06
5.54E-10	1.19E-08	38.47712418	SMU1	0	25	12	8	168	112	1.02E-05
5.59E-10	1.19E-08	38.45880682	ADNP	4	32	12	8	180	120	1.02E-05
5.86E-10	1.24E-08	38.36639831	EFTUD2	4	33	12	8	276	184	1.06E-05
5.93E-10	1.25E-08	38.34479128	GINS1	0	23	12	8	84	56	1.07E-05
6.30E-10	1.32E-08	38.22707583	ELF1	4	33	12	8	288	192	1.13E-05
6.31E-10	1.32E-08	38.2232835	SRP9	18	52	12	8	300	200	1.13E-05
6.59E-10	1.37E-08	38.13964916	FBXO34	8	39	12	8	288	192	1.17E-05
8.46E-10	1.75E-08	37.65075822	SLC25A3	0	24	12	8	132	88	1.49E-05
8.79E-10	1.80E-08	37.57658698	GPR107	5	33	12	8	180	120	1.53E-05
8.79E-10	1.80E-08	37.57658698	RPL37A	5	33	12	8	180	120	1.53E-05
9.75E-10	1.99E-08	37.3735862	USP4	15	49	12	8	444	296	1.69E-05
1.01E-09	2.05E-08	37.3075889	NFAT5	2	27	12	8	120	80	1.73E-05
1.21E-09	2.44E-08	36.95459628	N4BP2L2	0	24	12	8	156	104	2.07E-05
1.35E-09	2.68E-08	36.74113859	NDE1	2	27	12	8	132	88	2.27E-05
1.35E-09	2.68E-08	36.73982276	SNRPN	0	23	12	8	108	72	2.27E-05
1.35E-09	2.68E-08	36.73982276	COLGALT1	0	23	12	8	108	72	2.27E-05
1.38E-09	2.74E-08	36.69137466	MGEA5	4	31	12	8	180	120	2.31E-05
1.73E-09	3.38E-08	36.26116071	TXNL1	4	32	12	8	324	216	2.85E-05
1.72E-09	3.38E-08	36.26313814	ZNF320	0	24	12	8	192	128	2.85E-05
1.85E-09	3.60E-08	36.13055115	RP11-690G19.3	1	25	12	8	132	88	3.03E-05
1.88E-09	3.66E-08	36.09100299	PSPC1	0	24	12	8	204	136	3.07E-05
2.06E-09	3.96E-08	35.91897966	STX5	5	33	12	8	264	176	3.32E-05
2.06E-09	3.96E-08	35.91725607	APOLD1	3	30	12	8	300	200	3.32E-05
2.31E-09	4.42E-08	35.69605943	EMID1	2	28	12	8	276	184	3.69E-05
2.63E-09	5.01E-08	35.44179523	SH3GL1	0	23	12	8	144	96	4.19E-05
2.92E-09	5.55E-08	35.23565309	EIF4G3	17	50	12	8	444	296	4.63E-05
2.96E-09	5.59E-08	35.21164021	ZNF823	0	21	12	8	72	48	4.66E-05
3.04E-09	5.73E-08	35.15517031	NACA	0	23	12	8	156	104	4.77E-05
3.20E-09	5.99E-08	35.05851064	PSMA5	10	40	12	8	312	208	4.98E-05
3.29E-09	6.14E-08	35.00418375	MON2	5	32	12	8	216	144	5.09E-05
3.37E-09	6.26E-08	34.95574298	PPP1CB	7	36	12	8	360	240	5.19E-05
3.40E-09	6.29E-08	34.93923611	FAM193A	6	34	12	8	276	184	5.21E-05
3.45E-09	6.34E-08	34.91315626	ZNF626	0	23	12	8	168	112	5.25E-05
3.75E-09	6.87E-08	34.74891261	RAD1	6	33	12	8	192	128	5.68E-05
3.99E-09	7.28E-08	34.62765957	HP1BP3	15	47	12	8	432	288	6.01E-05
4.20E-09	7.64E-08	34.52691163	DYNC1H1	0	23	12	8	192	128	6.29E-05
4.40E-09	7.88E-08	34.44010417	GNPNAT1	0	20	12	8	60	40	6.49E-05
4.40E-09	7.88E-08	34.44010417	MPHOSPH8	0	20	12	8	60	40	6.49E-05
4.40E-09	7.88E-08	34.44010417	RPL7L1	0	20	12	8	60	40	6.49E-05
4.91E-09	8.77E-08	34.225	EIF4H	11	39	12	8	180	120	7.19E-05
4.94E-09	8.78E-08	34.2128293	PTGES3	4	30	12	8	216	144	7.19E-05
4.98E-09	8.82E-08	34.1959827	NOP14	8	34	12	8	132	88	7.22E-05
5.38E-09	9.48E-08	34.04803241	HSPA9	15	45	12	8	252	168	7.74E-05
5.78E-09	1.01E-07	33.90697674	CDK6	1	24	12	8	144	96	8.28E-05
6.09E-09	1.06E-07	33.80412102	MOB1B	5	31	12	8	192	128	8.65E-05
6.08E-09	1.06E-07	33.8104032	ZNF652	6	33	12	8	240	160	8.65E-05
7.05E-09	1.22E-07	33.52122185	ZNF141	11	40	12	8	276	184	9.94E-05
7.11E-09	1.23E-07	33.50570482	DPY19L2	4	29	12	8	168	112	9.96E-05
7.19E-09	1.24E-07	33.48157384	SPAG9	6	33	12	8	264	176	0.000100335
7.67E-09	1.31E-07	33.35802531	USP15	6	32	12	8	180	120	0.000106193
7.69E-09	1.31E-07	33.35294118	PILRB	1	24	12	8	168	112	0.000106193
8.14E-09	1.38E-07	33.24207902	KMT2C	4	30	12	8	300	200	0.000111691
8.52E-09	1.44E-07	33.15216115	AKAP9	0	22	12	8	168	112	0.000116361
8.57E-09	1.44E-07	33.14081342	FBXL20	5	31	12	8	228	152	0.000116427
8.92E-09	1.50E-07	33.0625	SOCS2-AS1	0	20	12	8	72	48	0.000120578
9.06E-09	1.51E-07	33.0338672	TIA1	12	42	12	8	432	288	0.000121728
9.46E-09	1.58E-07	32.94915254	ITPA	1	24	12	8	192	128	0.000126487
9.77E-09	1.61E-07	32.88634322	OSGEP	0	21	12	8	108	72	0.00012945
9.77E-09	1.61E-07	32.88634322	VPS41	0	21	12	8	108	72	0.00012945
1.10E-08	1.79E-07	32.66068706	METAP2	0	22	12	8	204	136	0.000143329
1.10E-08	1.79E-07	32.66068706	CPSF7	0	22	12	8	204	136	0.000143329
1.10E-08	1.79E-07	32.66068706	RP3-368A4.5	0	22	12	8	204	136	0.000143329
1.11E-08	1.81E-07	32.63606329	MDM2	2	25	12	8	144	96	0.000144052
1.17E-08	1.90E-07	32.53563744	PIGH	0	22	12	8	216	144	0.000150916
1.22E-08	1.97E-07	32.45660037	ZNF69	21	53	12	8	492	328	0.000156378
1.23E-08	1.97E-07	32.44598765	ATAD2	3	27	12	8	180	120	0.000156435
1.28E-08	2.05E-07	32.36345089	LIMD1	6	31	12	8	156	104	0.000162395
1.42E-08	2.25E-07	32.16645008	MACC1	0	19	12	8	60	40	0.000178137
1.42E-08	2.25E-07	32.16645008	ZNF121	0	19	12	8	60	40	0.000178137
1.46E-08	2.31E-07	32.11111111	C15orf40	0	15	12	8	24	16	0.000182131
1.68E-08	2.64E-07	31.83518156	SHCBP1	0	21	12	8	144	96	0.000208093
1.68E-08	2.64E-07	31.83518156	RP11-212P7.3	0	21	12	8	144	96	0.000208093
1.89E-08	2.96E-07	31.60207877	PCMTD1	0	21	12	8	156	104	0.000233162
1.94E-08	3.03E-07	31.55331622	PSTPIP2	6	30	12	8	132	88	0.0002379
2.01E-08	3.10E-07	31.48809524	VTI1A	0	20	12	8	96	64	0.000243003
2.01E-08	3.10E-07	31.48809524	CPT1A	0	20	12	8	96	64	0.000243003
2.01E-08	3.10E-07	31.48809524	GPATCH2L	0	20	12	8	96	64	0.000243003
2.10E-08	3.22E-07	31.40285326	VPS29	1	23	12	8	180	120	0.000252012
2.11E-08	3.24E-07	31.38700538	STX12	6	31	12	8	192	128	0.000252826
2.23E-08	3.40E-07	31.28255208	GBP4	8	32	12	8	120	80	0.000265491
2.28E-08	3.47E-07	31.23613245	PAFAH1B2	0	21	12	8	180	120	0.000270583
2.33E-08	3.52E-07	31.2012987	MYO9B	5	30	12	8	252	168	0.000274135
2.37E-08	3.58E-07	31.16221971	WDR12	8	35	12	8	372	248	0.000278345
2.62E-08	3.94E-07	30.96904937	PPP6R3	1	22	12	8	120	80	0.000305975
2.64E-08	3.96E-07	30.95424107	CTC-429P9.4	1	23	12	8	216	144	0.000306822
2.80E-08	4.18E-07	30.84291876	UHRF2	2	24	12	8	144	96	0.000323362
3.12E-08	4.64E-07	30.63078813	MRPL30	7	30	12	8	108	72	0.000358973
3.16E-08	4.68E-07	30.60748179	JOSD1	1	22	12	8	132	88	0.000361559
3.56E-08	5.26E-07	30.375	HINT1	4	26	12	8	108	72	0.000405629
3.58E-08	5.27E-07	30.3665882	USP39	10	36	12	8	216	144	0.000405629
3.63E-08	5.32E-07	30.33913227	GMPS	4	27	12	8	156	104	0.000409245
3.68E-08	5.38E-07	30.31256261	UBR1	1	22	12	8	144	96	0.000412906
3.95E-08	5.76E-07	30.17146236	ZYG11B	16	43	12	8	216	144	0.000441947
4.01E-08	5.82E-07	30.146078	CLPX	0	19	12	8	84	56	0.000445638
4.08E-08	5.90E-07	30.11124368	HNRNPC	2	24	12	8	180	120	0.00045156
4.20E-08	6.06E-07	30.05362347	MPV17	3	26	12	8	228	152	0.000462974
4.88E-08	7.01E-07	29.76512227	SMARCA4	6	29	12	8	132	88	0.00053471
5.10E-08	7.28E-07	29.67857809	H2AFV	27	57	12	8	408	272	0.000554591
5.09E-08	7.28E-07	29.68333072	USP47	1	22	12	8	180	120	0.000554591
5.12E-08	7.28E-07	29.67147436	CTD-2020K17.1	0	20	12	8	168	112	0.000554591
5.22E-08	7.40E-07	29.63203463	THADA	1	20	12	8	72	48	0.000562009
5.51E-08	7.73E-07	29.53008344	FOXO1	1	22	12	8	192	128	0.000585645
5.49E-08	7.73E-07	29.53610472	STAM	1	21	12	8	108	72	0.000585645
5.49E-08	7.73E-07	29.53610472	SYNRG	1	21	12	8	108	72	0.000585645
6.25E-08	8.71E-07	29.28415811	FBXO3	0	17	12	8	48	32	0.000657852
6.25E-08	8.71E-07	29.28415811	FKBP3	0	17	12	8	48	32	0.000657852
7.36E-08	1.02E-06	28.96669289	C4orf29	4	27	12	8	240	160	0.00077037
7.65E-08	1.06E-06	28.8916122	SPATA5	0	18	12	8	72	48	0.000794491
7.65E-08	1.06E-06	28.8916122	PSMD12	0	18	12	8	72	48	0.000794491
7.76E-08	1.07E-06	28.86411314	UBXN4	6	30	12	8	252	168	0.000801073
7.94E-08	1.09E-06	28.81971558	HNRNPR	21	50	12	8	456	304	0.00081588
8.07E-08	1.10E-06	28.78986139	HNRNPA1L2	0	19	12	8	120	80	0.000822074
8.07E-08	1.10E-06	28.78986139	ICOSLG	0	19	12	8	120	80	0.000822074
8.84E-08	1.20E-06	28.61177885	RNF130	22	50	12	8	324	216	0.000895936
8.92E-08	1.21E-06	28.59477124	G3BP1	2	23	12	8	168	112	0.000899717
9.17E-08	1.24E-06	28.54253545	ACYP1	1	21	12	8	144	96	0.00092011
9.28E-08	1.25E-06	28.51771843	MBD3	0	19	12	8	132	88	0.000927744
1.07E-07	1.43E-06	28.24858757	GSPT1	2	23	12	8	192	128	0.001061277
1.13E-07	1.50E-06	28.1397739	EMR2	1	20	12	8	96	64	0.001114019
1.13E-07	1.50E-06	28.1397739	TMEM241	1	20	12	8	96	64	0.001114019
1.14E-07	1.51E-06	28.125	C9orf41	4	26	12	8	180	120	0.001115983
1.23E-07	1.62E-06	27.977845	SIAH1	1	21	12	8	180	120	0.001198729
1.26E-07	1.66E-06	27.92444998	PSME4	24	53	12	8	528	352	0.001226728
1.28E-07	1.68E-06	27.89982156	LYST	9	33	12	8	204	136	0.001236866
1.30E-07	1.71E-06	27.86479758	RBM8A	5	26	12	8	108	72	0.001253818
1.33E-07	1.74E-06	27.81653868	LUC7L3	0	19	12	8	180	120	0.001275762
1.33E-07	1.74E-06	27.81653868	TPM4	0	19	12	8	180	120	0.001275762
1.36E-07	1.76E-06	27.78466808	PNN	0	17	12	8	60	40	0.001289414
1.40E-07	1.81E-06	27.72119505	S100Z	78	13	12	8	408	272	0.001326493
1.75E-07	2.26E-06	27.28652263	NUP93	0	18	12	8	108	72	0.001653403
1.84E-07	2.37E-06	27.19153515	JARID2	13	38	12	8	252	168	0.001728961
2.05E-07	2.62E-06	26.98667074	GLTSCR1L	0	18	12	8	120	80	0.001907907
2.05E-07	2.62E-06	26.98667074	ZNF557	0	18	12	8	120	80	0.001907907
2.13E-07	2.72E-06	26.90857524	TAF2	3	24	12	8	216	144	0.001975096
2.19E-07	2.79E-06	26.85564825	RBM6	14	40	12	8	408	272	0.002020993
2.30E-07	2.91E-06	26.75925926	CDK13	0	15	12	8	36	24	0.002108643
2.30E-07	2.91E-06	26.75925926	CTD-2583A14.10	0	15	12	8	36	24	0.002108643
2.49E-07	3.14E-06	26.6076857	UBOX5	3	23	12	8	132	88	0.002267587
2.53E-07	3.18E-06	26.57845345	METTL8	2	22	12	8	192	128	0.002292086
2.57E-07	3.21E-06	26.54904905	EP300	0	18	12	8	144	96	0.002310178
2.57E-07	3.21E-06	26.54904905	TMPO	0	18	12	8	144	96	0.002310178
2.59E-07	3.22E-06	26.53508772	RBM28	1	18	12	8	60	40	0.002313584
2.86E-07	3.55E-06	26.34114583	HSH2D	2	22	12	8	216	144	0.002546817
2.92E-07	3.61E-06	26.30155782	DCP1A	16	42	12	8	408	272	0.002588275
3.01E-07	3.69E-06	26.2450523	HPS4	0	18	12	8	168	112	0.002638055
3.00E-07	3.69E-06	26.25	MAGT1	1	19	12	8	96	64	0.002638055
3.00E-07	3.69E-06	26.24860513	GNL3L	0	17	12	8	84	56	0.002638055
3.51E-07	4.30E-06	25.9449332	CLASP2	15	40	12	8	312	208	0.003059813
3.78E-07	4.61E-06	25.80282463	COMT	0	17	12	8	96	64	0.003279391
3.86E-07	4.69E-06	25.76329625	USP48	6	28	12	8	252	168	0.00333285
3.93E-07	4.77E-06	25.72643811	RP11-139J15.7	2	20	12	8	84	56	0.003382523
4.02E-07	4.87E-06	25.68282035	ZNF254	4	25	12	8	252	168	0.003445006
4.50E-07	5.43E-06	25.46643811	SEC14L1	0	17	12	8	108	72	0.003837328
5.16E-07	6.20E-06	25.2035787	HEATR3	0	17	12	8	120	80	0.004378747
5.37E-07	6.43E-06	25.12792398	AREL1	5	25	12	8	132	88	0.004534494
5.57E-07	6.64E-06	25.05681818	SMC5	1	19	12	8	144	96	0.004671455
5.57E-07	6.64E-06	25.05681818	GS1-124K5.11	1	19	12	8	144	96	0.004671455
5.76E-07	6.84E-06	24.99251425	CDC123	0	17	12	8	132	88	0.004802511
6.09E-07	7.22E-06	24.8828125	GNPNAT1	0	16	12	8	72	48	0.005062124
6.14E-07	7.26E-06	24.86752137	GRB2	3	22	12	8	132	88	0.005080806
6.22E-07	7.33E-06	24.84356251	CALN1	63	8	12	8	660	440	0.005122569
6.30E-07	7.38E-06	24.81930889	YWHAE	0	17	12	8	144	96	0.005151068
6.30E-07	7.38E-06	24.81930889	ATM	0	17	12	8	144	96	0.005151068
6.58E-07	7.69E-06	24.73557692	CSNK1A1	1	19	12	8	168	112	0.005349409
6.79E-07	7.91E-06	24.6746147	AC009120.6	0	17	12	8	156	104	0.005498072
7.23E-07	8.41E-06	24.55192723	LARS	0	17	12	8	168	112	0.005834854
7.30E-07	8.46E-06	24.53382555	EIF4B	4	24	12	8	204	136	0.005865193
7.76E-07	8.97E-06	24.41565041	PPIA	1	17	12	8	60	40	0.006210048
8.04E-07	9.19E-06	24.34769825	CEP95	0	16	12	8	84	56	0.006353698
8.04E-07	9.19E-06	24.34769825	RSRC2	0	16	12	8	84	56	0.006353698
8.04E-07	9.19E-06	24.34769825	RP11-349A22.5	0	16	12	8	84	56	0.006353698
8.04E-07	9.19E-06	24.34769825	MTPAP	0	16	12	8	84	56	0.006353698
9.83E-07	1.11E-05	23.96122685	ZNF70	0	16	12	8	96	64	0.007658149
9.83E-07	1.11E-05	23.96122685	SMIM7	0	16	12	8	96	64	0.007658149
9.83E-07	1.11E-05	23.96122685	VPS53	0	16	12	8	96	64	0.007658149
9.96E-07	1.13E-05	23.93519917	GABPB1	12	35	12	8	324	216	0.007707655
1.08E-06	1.22E-05	23.77300281	CASP10	6	25	12	8	108	72	0.008350475
1.10E-06	1.23E-05	23.74963652	DNAJA1	1	18	12	8	120	80	0.008417466
1.12E-06	1.26E-05	23.71114751	LMO2	6	26	12	8	168	112	0.008551976
1.14E-06	1.27E-05	23.66883117	RNF34	7	28	12	8	252	168	0.008636891
1.14E-06	1.27E-05	23.66901677	COA4	0	16	12	8	108	72	0.008636891
1.14E-06	1.27E-05	23.66901677	KLC1	0	16	12	8	108	72	0.008636891
1.14E-06	1.27E-05	23.66901677	LONP2	0	16	12	8	108	72	0.008636891
1.29E-06	1.42E-05	23.44033062	AOAH	0	16	12	8	120	80	0.009617865
1.29E-06	1.42E-05	23.44033062	PGPEP1	0	16	12	8	120	80	0.009617865
1.34E-06	1.47E-05	23.3707265	RAF1	5	25	12	8	252	168	0.009916639
1.40E-06	1.53E-05	23.28452308	ATR	2	20	12	8	192	128	0.010328688
1.42E-06	1.55E-05	23.25648489	TMEM59	0	16	12	8	132	88	0.01043747
1.53E-06	1.68E-05	23.10546875	PPIL3	0	16	12	8	144	96	0.011244021
1.54E-06	1.68E-05	23.095078	SPG7	2	20	12	8	216	144	0.011258781
1.56E-06	1.70E-05	23.07167235	ARID2	4	23	12	8	192	128	0.011350183
1.57E-06	1.70E-05	23.05807623	DPY30	1	18	12	8	168	112	0.011384151
1.62E-06	1.75E-05	23.00005529	CHD1	7	27	12	8	180	120	0.011685192
1.64E-06	1.77E-05	22.97920936	POLA2	0	16	12	8	156	104	0.011764559
1.67E-06	1.79E-05	22.94728435	CFDP1	4	23	12	8	204	136	0.011912982
1.67E-06	1.80E-05	22.93650794	PRR11	0	15	12	8	72	48	0.011931346
1.69E-06	1.80E-05	22.91859568	CCNI	3	21	12	8	144	96	0.011963714
1.69E-06	1.80E-05	22.91859568	ERMAP	3	21	12	8	144	96	0.011963714
1.73E-06	1.84E-05	22.87208018	POM121	0	16	12	8	168	112	0.012188776
1.76E-06	1.87E-05	22.83783784	RCOR1	4	23	12	8	216	144	0.012357737
1.87E-06	1.98E-05	22.72437029	RP11-162A12.2	3	21	12	8	156	104	0.01305642
1.99E-06	2.10E-05	22.60683761	PHF7	6	24	12	8	96	64	0.013824029
2.09E-06	2.20E-05	22.51443001	UPF3A	0	14	12	8	48	32	0.014446796
2.13E-06	2.24E-05	22.47777778	DNAJB4	0	15	12	8	84	56	0.014665836
2.18E-06	2.29E-05	22.42845118	ATG12	3	15	12	8	24	16	0.014986841
2.27E-06	2.38E-05	22.35116938	SFT2D2	1	16	12	8	60	40	0.015539523
2.48E-06	2.59E-05	22.18090889	SH3BP2	2	19	12	8	144	96	0.016912192
2.52E-06	2.60E-05	22.14756258	SEC62	7	26	12	8	144	96	0.016946847
2.53E-06	2.60E-05	22.14559387	BRI3BP	0	15	12	8	96	64	0.016946847
2.53E-06	2.60E-05	22.14559387	DDI2	0	15	12	8	96	64	0.016946847
2.53E-06	2.60E-05	22.14559387	NUPL1	0	15	12	8	96	64	0.016946847
2.53E-06	2.60E-05	22.14559387	UGGT1	0	15	12	8	96	64	0.016946847
2.53E-06	2.60E-05	22.14559387	ZNF432	0	15	12	8	96	64	0.016946847
2.69E-06	2.76E-05	22.02344627	RP5-1158E12.3	12	32	12	8	156	104	0.017850308
2.82E-06	2.87E-05	21.93576389	RRP12	2	18	12	8	84	56	0.018524288
2.81E-06	2.87E-05	21.94333629	VEZT	3	21	12	8	240	160	0.018524288
2.82E-06	2.87E-05	21.9353156	ABO	12	33	12	8	240	160	0.018524288
2.90E-06	2.95E-05	21.87925511	PRKAR2A	7	26	12	8	156	104	0.018938742
3.02E-06	3.03E-05	21.80486799	TAOK1	1	17	12	8	132	88	0.019426121
3.02E-06	3.03E-05	21.80486799	PRKRIP1	1	17	12	8	132	88	0.019426121
3.02E-06	3.03E-05	21.80441899	RCC1	0	13	12	8	36	24	0.019426121
3.02E-06	3.03E-05	21.80441899	ZSCAN30	0	13	12	8	36	24	0.019426121
3.02E-06	3.03E-05	21.80441899	RPS19	0	13	12	8	36	24	0.019426121
3.19E-06	3.18E-05	21.6966967	DUSP18	0	15	12	8	120	80	0.020194561
3.19E-06	3.18E-05	21.6966967	RBM4	0	15	12	8	120	80	0.020194561
3.19E-06	3.18E-05	21.6966967	TFCP2	0	15	12	8	120	80	0.020194561
3.19E-06	3.18E-05	21.6966967	BZRAP1-AS1	0	15	12	8	120	80	0.020194561
3.25E-06	3.23E-05	21.6616234	ZNF292	2	19	12	8	192	128	0.020389525
3.34E-06	3.30E-05	21.61336379	API5	1	16	12	8	72	48	0.020826713
3.36E-06	3.30E-05	21.59814507	MSANTD2	0	14	12	8	60	40	0.020826713
3.36E-06	3.30E-05	21.59814507	PTPN22	0	14	12	8	60	40	0.020826713
3.36E-06	3.30E-05	21.59814507	DDX58	0	14	12	8	60	40	0.020826713
3.47E-06	3.39E-05	21.53794038	RP11-463D19.2	0	15	12	8	132	88	0.021273873
3.47E-06	3.39E-05	21.53794038	RP11-452L6.5	0	15	12	8	132	88	0.021273873
3.55E-06	3.45E-05	21.49136578	PTEN	4	22	12	8	192	128	0.02157646
3.55E-06	3.45E-05	21.49388959	SLTM	2	19	12	8	216	144	0.02157646
3.55E-06	3.45E-05	21.49388959	ZNF701	2	19	12	8	216	144	0.02157646
3.71E-06	3.58E-05	21.40740741	FNBP1	0	15	12	8	144	96	0.022279276
3.71E-06	3.58E-05	21.40740741	MPPE1	0	15	12	8	144	96	0.022279276
3.71E-06	3.58E-05	21.40740741	CCDC28A	0	15	12	8	144	96	0.022279276
3.81E-06	3.67E-05	21.35742188	METTL2B	1	15	12	8	48	32	0.02270528
3.94E-06	3.77E-05	21.29477114	KIAA1143	5	23	12	8	156	104	0.02331472
3.93E-06	3.77E-05	21.29818594	TNFAIP8L1	0	15	12	8	156	104	0.02331472
4.24E-06	4.05E-05	21.15234375	CDC27	2	18	12	8	108	72	0.024974919
4.40E-06	4.19E-05	21.08435761	DTL	3	20	12	8	156	104	0.025776148
4.48E-06	4.26E-05	21.04817454	6-Sep	4	22	12	8	252	168	0.026165335
4.53E-06	4.29E-05	21.02762803	UBE3D	0	14	12	8	72	48	0.026285147
4.53E-06	4.29E-05	21.02762803	GSR	0	14	12	8	72	48	0.026285147
4.61E-06	4.36E-05	20.99116162	DHX30	9	29	12	8	300	200	0.026642682
4.86E-06	4.57E-05	20.8912037	CNPY2	2	18	12	8	120	80	0.02789816
4.86E-06	4.57E-05	20.8912037	PARP4	2	18	12	8	120	80	0.02789816
4.88E-06	4.58E-05	20.8855472	LINC00426	8	27	12	8	192	128	0.02789816
5.29E-06	4.96E-05	20.72824997	POGZ	13	34	12	8	372	248	0.030091421
5.35E-06	5.00E-05	20.70755868	BMP2K	3	20	12	8	192	128	0.03030059
5.55E-06	5.16E-05	20.63822751	GTF2F1	0	14	12	8	84	56	0.03122693
5.55E-06	5.16E-05	20.63822751	METTL16	0	14	12	8	84	56	0.03122693
5.93E-06	5.49E-05	20.51162791	RP11-452L6.1	4	21	12	8	144	96	0.033104744
5.93E-06	5.49E-05	20.51162791	ZNF718	4	21	12	8	144	96	0.033104744
6.00E-06	5.55E-05	20.48826777	PHF20	8	27	12	8	228	152	0.033326525
6.30E-06	5.80E-05	20.39418293	GTF2H3	0	13	12	8	48	32	0.034794265
6.30E-06	5.80E-05	20.39418293	TMEM170A	0	13	12	8	48	32	0.034794265
6.43E-06	5.90E-05	20.35551207	UNG	0	14	12	8	96	64	0.035308772
6.48E-06	5.94E-05	20.34040179	KANSL1	1	15	12	8	60	40	0.035451609
6.64E-06	6.07E-05	20.29285136	SIRT1	5	23	12	8	264	176	0.036203746
6.71E-06	6.09E-05	20.27483124	SLC25A27	1	16	12	8	120	80	0.036248108
6.71E-06	6.09E-05	20.27483124	SLC27A2	1	16	12	8	120	80	0.036248108
6.71E-06	6.09E-05	20.27483124	BRI3BP	1	16	12	8	120	80	0.036248108
6.91E-06	6.26E-05	20.2184466	MED18	8	26	12	8	144	96	0.037063877
7.19E-06	6.46E-05	20.14092083	AK3	0	14	12	8	108	72	0.038201645
7.19E-06	6.46E-05	20.14092083	NUP153	0	14	12	8	108	72	0.038201645
7.19E-06	6.46E-05	20.14092083	PPHLN1	0	14	12	8	108	72	0.038201645
7.19E-06	6.46E-05	20.14092083	NUP155	0	14	12	8	108	72	0.038201645
7.33E-06	6.57E-05	20.10504202	NUP160	1	16	12	8	132	88	0.03857896
7.59E-06	6.79E-05	20.03787879	UBE3A	6	24	12	8	216	144	0.039804759
7.88E-06	6.99E-05	19.96570826	ANAPC7	1	16	12	8	144	96	0.040916298
7.88E-06	6.99E-05	19.96570826	NAP1L4	1	16	12	8	144	96	0.040916298
7.86E-06	6.99E-05	19.97247824	RSL1D1	0	14	12	8	120	80	0.040916298
7.86E-06	6.99E-05	19.97247824	MED17	0	14	12	8	120	80	0.040916298
7.98E-06	7.06E-05	19.94354443	5-Mar	8	27	12	8	312	208	0.041023596
8.11E-06	7.16E-05	19.91083666	PPM1B	16	37	12	8	420	280	0.04154961
8.13E-06	7.16E-05	19.90784211	RNPEP	5	22	12	8	144	96	0.04154961
8.39E-06	7.37E-05	19.84664352	UBE2D2	2	18	12	8	228	152	0.042574428
8.38E-06	7.37E-05	19.84931009	RBM25	1	16	12	8	156	104	0.042574428
8.82E-06	7.73E-05	19.75061507	PPP1R2	1	16	12	8	168	112	0.044519978
9.21E-06	8.05E-05	19.66900215	MIER1	9	27	12	8	156	104	0.04628515
9.39E-06	8.19E-05	19.63233127	NOM1	0	13	12	8	60	40	0.047002031
9.46E-06	8.23E-05	19.61843203	ZNF439	3	19	12	8	144	96	0.047164654
9.56E-06	8.30E-05	19.59820576	RNF24	7	24	12	8	120	80	0.047484897
9.96E-06	8.63E-05	19.51970915	MTF1	5	21	12	8	96	64	0.049288081
1.01E-05	8.76E-05	19.48350694	COPB1	0	12	12	8	36	24	0.049936783
1.01E-05	8.76E-05	19.48350694	SPCS3	0	12	12	8	36	24	0.049936783
1.04E-05	8.92E-05	19.44096134	ALDH6A1	0	11	12	8	24	16	0.0506739
1.04E-05	8.92E-05	19.44096134	TAF1D	0	11	12	8	24	16	0.0506739
1.05E-05	9.00E-05	19.42056228	C11orf54	2	17	12	8	108	72	0.050933317
1.13E-05	9.68E-05	19.27778525	FKBP5	9	28	12	8	384	256	0.054678765
1.18E-05	0.00010091	19.19404866	ORC2	2	17	12	8	120	80	0.05691319
1.21E-05	0.000102562	19.15528397	LYRM2	0	13	12	8	72	48	0.057742614
1.21E-05	0.000102562	19.15528397	NUDT6	0	13	12	8	72	48	0.057742614
1.32E-05	0.000111493	18.984375	ISCA1	1	15	12	8	96	64	0.062547502
1.32E-05	0.000111493	18.984375	WAC	1	15	12	8	96	64	0.062547502
1.32E-05	0.000111493	18.984375	YWHAZ	1	15	12	8	96	64	0.062547502
1.43E-05	0.000120498	18.82469655	STAG2	12	30	12	8	168	112	0.067237871
1.43E-05	0.000120498	18.82848779	NLRP2	0	13	12	8	84	56	0.067237871
1.43E-05	0.000120498	18.82848779	MIS12	0	13	12	8	84	56	0.067237871
1.49E-05	0.000124873	18.75285823	UBE2G1	1	15	12	8	108	72	0.069304572
1.49E-05	0.000124902	18.74860647	PPIE	4	19	12	8	84	56	0.069304572
1.60E-05	0.000133326	18.6203505	DENND5A	8	26	12	8	300	200	0.0737295
1.62E-05	0.000134885	18.59061573	STIL	0	13	12	8	96	64	0.074456446
1.62E-05	0.000134885	18.59061573	EIF3I	0	13	12	8	96	64	0.074456446
1.64E-05	0.000135694	18.5716712	DNAJB6	1	15	12	8	120	80	0.07463146
1.64E-05	0.000135694	18.5716712	LYRM5	1	15	12	8	120	80	0.07463146
1.66E-05	0.000137789	18.53869284	DHDDS	5	21	12	8	132	88	0.075508536
1.75E-05	0.000144358	18.44618056	TFRC	11	29	12	8	204	136	0.078963771
1.76E-05	0.000144935	18.43482906	PTBP2	8	26	12	8	348	232	0.079134545
1.78E-05	0.000146283	18.40971902	STAT5B	0	13	12	8	108	72	0.079724101
1.78E-05	0.000146283	18.40971902	ISG20	0	13	12	8	108	72	0.079724101
1.81E-05	0.000148409	18.3784965	SLC9B2	4	18	12	8	60	40	0.080586118
1.85E-05	0.000151625	18.33393242	ATAD5	5	21	12	8	144	96	0.082180805
1.88E-05	0.000153115	18.3115942	SEC31A	5	20	12	8	84	56	0.082835192
1.92E-05	0.000155489	18.2675168	CTCF	0	13	12	8	120	80	0.083964074
1.92E-05	0.000155489	18.2675168	UBN1	0	13	12	8	120	80	0.083964074
1.92E-05	0.000155489	18.2675168	SGPP1	0	13	12	8	120	80	0.083964074
1.92E-05	0.000155489	18.2675168	TADA2A	0	13	12	8	120	80	0.083964074
2.04E-05	0.000163877	18.15279326	MRPL52	0	13	12	8	132	88	0.087838206
2.04E-05	0.000163877	18.15279326	PSMD11	0	13	12	8	132	88	0.087838206
2.04E-05	0.000163877	18.15279326	TOP1	0	13	12	8	132	88	0.087838206
2.04E-05	0.000163877	18.15279326	RP11-69E11.4	0	13	12	8	132	88	0.087838206
2.45E-05	0.000196246	17.80603448	DENND6A	16	34	12	8	204	136	0.104402991
2.48E-05	0.000198687	17.77888007	SKP1	12	30	12	8	252	168	0.105502914
2.57E-05	0.000205374	17.71227904	TIAL1	0	12	12	8	60	40	0.108848346
3.16E-05	0.000251176	17.31867284	EIF2S3	0	12	12	8	72	48	0.132872367
3.16E-05	0.000251176	17.31867284	POLR3E	0	12	12	8	72	48	0.132872367
3.16E-05	0.000251176	17.31867284	STXBP4	0	12	12	8	72	48	0.132872367
3.26E-05	0.000258237	17.25881262	CHEK1	0	11	12	8	36	24	0.135832656
3.26E-05	0.000258237	17.25881262	ZNF776	0	11	12	8	36	24	0.135832656
3.29E-05	0.000259374	17.24137931	MORC3	1	14	12	8	96	64	0.135912082
3.29E-05	0.000259374	17.23973974	RREB1	2	16	12	8	144	96	0.135912082
3.29E-05	0.000259374	17.23973974	RPL37	2	16	12	8	144	96	0.135912082
3.38E-05	0.00026569	17.19047619	EIF3E	5	20	12	8	120	80	0.138424233
3.44E-05	0.000270126	17.15546739	Y_RNA	29	48	12	8	384	256	0.140465333
3.64E-05	0.000283194	17.04806858	ATG10	0	12	12	8	84	56	0.14697792
3.64E-05	0.000283194	17.04806858	RP11-12J10.3	0	12	12	8	84	56	0.14697792
3.64E-05	0.000283194	17.04806858	C9orf40	0	12	12	8	84	56	0.14697792
3.64E-05	0.000283194	17.04806858	RP11-15H20.6	0	12	12	8	84	56	0.14697792
3.64E-05	0.000283194	17.04806858	U91328.19	0	12	12	8	84	56	0.14697792
3.66E-05	0.000283525	17.04233814	PDE7A	2	16	12	8	168	112	0.14697792
3.95E-05	0.000305481	16.89722835	ZMYND8	2	16	12	8	192	128	0.156711681
3.96E-05	0.000305777	16.89189189	HIATL2	1	14	12	8	120	80	0.156711681
4.04E-05	0.000311355	16.8506006	ZNF283	0	12	12	8	96	64	0.159102395
4.04E-05	0.000311355	16.8506006	IMMP2L	0	12	12	8	96	64	0.159102395
4.22E-05	0.000324561	16.76829268	SUPV3L1	1	14	12	8	132	88	0.165201483
4.38E-05	0.000333983	16.70014881	KIAA1147	0	12	12	8	108	72	0.169663374
4.38E-05	0.000333983	16.70014881	PCBP2	0	12	12	8	108	72	0.169663374
4.38E-05	0.000333983	16.70014881	SNRPC	0	12	12	8	108	72	0.169663374
4.38E-05	0.000333983	16.70014881	PSMC6	0	12	12	8	108	72	0.169663374
4.62E-05	0.000352111	16.59644116	MBTD1	10	27	12	8	312	208	0.177464166
4.66E-05	0.000352314	16.58170804	ZNF367	0	12	12	8	120	80	0.177464166
4.66E-05	0.000352314	16.58170804	RP5-1103G7.4	0	12	12	8	120	80	0.177464166
4.66E-05	0.000352314	16.58170804	ZNF518A	0	12	12	8	120	80	0.177464166
4.66E-05	0.000352314	16.58163265	RSPH3	1	14	12	8	156	104	0.177464166
4.90E-05	0.000369863	16.48604434	TM7SF3	0	12	12	8	132	88	0.18456163
5.29E-05	0.00039699	16.34167765	C16orf72	0	11	12	8	48	32	0.19770122
5.29E-05	0.00039699	16.34167765	BSDC1	0	11	12	8	48	32	0.19770122
5.29E-05	0.00039699	16.34167765	SDE2	0	11	12	8	48	32	0.19770122
5.84E-05	0.00043746	16.15437354	NFE2L2	18	36	12	8	420	280	0.2165427
6.28E-05	0.000469455	16.01732309	CTSS	7	22	12	8	144	96	0.231910779
6.89E-05	0.000511888	15.84065934	PRAM1	58	12	12	8	432	288	0.252360768
6.88E-05	0.000511888	15.84490741	RIF1	10	26	12	8	216	144	0.252360768
6.90E-05	0.000511888	15.83673817	RPS29	0	11	12	8	60	40	0.252360768
6.90E-05	0.000511888	15.83673817	ZC3H18	0	11	12	8	60	40	0.252360768
6.90E-05	0.000511888	15.83673817	NPIPB4	0	11	12	8	60	40	0.252360768
7.06E-05	0.000522327	15.79520089	GPBP1L1	25	43	12	8	444	296	0.254895373
7.23E-05	0.000534349	15.74881677	DIAPH1	2	15	12	8	132	88	0.260227737
7.25E-05	0.000534756	15.74404762	TRAPPC10	1	13	12	8	84	56	0.260227737
7.66E-05	0.000564104	15.63967291	RP11-340I6.8	2	15	12	8	144	96	0.273590261
7.79E-05	0.00057239	15.60878161	ZCCHC11	15	32	12	8	336	224	0.277036891
8.13E-05	0.000593555	15.52837573	CAPZA2	1	13	12	8	96	64	0.286687154
8.18E-05	0.000593555	15.51709758	CTD-2510F5.6	0	11	12	8	72	48	0.286687154
8.18E-05	0.000593555	15.51709758	LIN52	0	11	12	8	72	48	0.286687154
8.18E-05	0.000593555	15.51709758	PSMB7	0	11	12	8	72	48	0.286687154
8.18E-05	0.000593555	15.51709758	SETDB2	0	11	12	8	72	48	0.286687154
8.18E-05	0.000593555	15.51709758	UBN2	0	11	12	8	72	48	0.286687154
8.18E-05	0.000593555	15.51709758	RP3-462E2.5	0	11	12	8	72	48	0.286687154
8.73E-05	0.000632564	15.39353264	SRSF4	4	18	12	8	192	128	0.30110023
8.86E-05	0.000640088	15.36467298	DMTF1	1	13	12	8	108	72	0.304041894
8.86E-05	0.000640088	15.36467298	JMJD1C	1	13	12	8	108	72	0.304041894
9.04E-05	0.000650749	15.32697256	RBX1	4	18	12	8	204	136	0.307804343
9.04E-05	0.000650749	15.32697256	LYN	4	18	12	8	204	136	0.307804343
9.19E-05	0.0006568	15.29657035	CHEK2	0	11	12	8	84	56	0.309352984
9.19E-05	0.0006568	15.29657035	STAU2	0	11	12	8	84	56	0.309352984
9.19E-05	0.0006568	15.29657035	CABLES1	0	11	12	8	84	56	0.309352984
9.19E-05	0.0006568	15.29657035	MB21D1	0	11	12	8	84	56	0.309352984
9.27E-05	0.000661563	15.27970679	RP11-231G3.1	5	19	12	8	144	96	0.309352984
9.46E-05	0.000673963	15.24142387	HSPB11	7	21	12	8	108	72	0.31406669
9.59E-05	0.000682083	15.21560237	BIRC6	16	33	12	8	420	280	0.317168535
9.76E-05	0.000693244	15.18175392	NF1	8	23	12	8	192	128	0.321665292
0.000100077	0.000706944	15.13524507	GGCT	0	11	12	8	96	64	0.327314999
0.000100077	0.000706944	15.13524507	KDM2A	0	11	12	8	96	64	0.327314999
0.000100077	0.000706944	15.13524507	ZNF714	0	11	12	8	96	64	0.327314999
0.000100622	0.000708405	15.125	C12orf66	0	10	12	8	36	24	0.327314999
0.000100622	0.000708405	15.125	EEF2K	0	10	12	8	36	24	0.327314999
0.000104844	0.000735662	15.04740834	CERS5	1	13	12	8	144	96	0.336933239
0.000104844	0.000735662	15.04740834	ZC3HAV1	1	13	12	8	144	96	0.336933239
0.000112464	0.000786497	14.91502325	TRIM5	0	11	12	8	120	80	0.358642571
0.000112464	0.000786497	14.91502325	FNDC3A	0	11	12	8	120	80	0.358642571
0.000116763	0.000815207	14.84425177	OLA1	19	35	12	8	240	160	0.370103787
0.000118181	0.000823735	14.82148858	CCNYL1	2	14	12	8	84	56	0.3731518
0.000121748	0.000847189	14.76541457	EIF3A	3	16	12	8	156	104	0.382929566
0.000122732	0.00085262	14.75024318	RASSF1	8	23	12	8	264	176	0.384531407
0.000125588	0.000871022	14.70686466	NAA50	11	26	12	8	180	120	0.391960039
0.00013389	0.000926828	14.58622685	SNRNP35	2	14	12	8	96	64	0.416145658
0.000134076	0.000926828	14.58359967	PHAX	16	31	12	8	168	112	0.416145658
0.000136465	0.00094024	14.55032931	PISD	3	16	12	8	192	128	0.420287381
0.000136465	0.00094024	14.55032931	TTC17	3	16	12	8	192	128	0.420287381
0.00013913	0.000957032	14.51388889	PPP1R12A	8	22	12	8	132	88	0.425879187
0.000147429	0.001009155	14.4047619	TYW5	0	10	12	8	48	32	0.448064958
0.000147429	0.001009155	14.4047619	KLF9	0	10	12	8	48	32	0.448064958
0.000147429	0.001009155	14.4047619	HKR1	0	10	12	8	48	32	0.448064958
0.000152354	0.001041167	14.34289128	GS1-259H13.10	0	9	12	8	24	16	0.45915484
0.000155816	0.001063093	14.30059524	MED28	7	21	12	8	168	112	0.467760965
0.00016829	0.001146338	14.15566181	EWSR1	3	15	12	8	84	56	0.50324249
0.000175817	0.001195666	14.07335907	ZCCHC7	4	17	12	8	168	112	0.523701798
0.000176572	0.001198864	14.06529018	LRRC37B	2	14	12	8	144	96	0.523903508
0.000180557	0.001222344	14.0233192	ATF7IP2	1	12	12	8	84	56	0.532941773
0.000182361	0.001222344	14.00462963	MED25	0	10	12	8	60	40	0.532941773
0.000182361	0.001222344	14.00462963	PPP6C	0	10	12	8	60	40	0.532941773
0.000182361	0.001222344	14.00462963	TMTC4	0	10	12	8	60	40	0.532941773
0.000182361	0.001222344	14.00462963	WEE1	0	10	12	8	60	40	0.532941773
0.000182361	0.001222344	14.00462963	NUPL2	0	10	12	8	60	40	0.532941773
0.000182361	0.001222344	14.00462963	NUP98	0	10	12	8	60	40	0.532941773
0.000182361	0.001222344	14.00462963	ZNF708	0	10	12	8	60	40	0.532941773
0.000183035	0.001224903	13.99769585	PHACTR4	4	17	12	8	180	120	0.532941773
0.000183939	0.001228994	13.98843067	BTBD7	2	14	12	8	156	104	0.532941773
0.000190432	0.001270352	13.92321654	CELF1	2	14	12	8	168	112	0.541169977
0.000198402	0.001319329	13.84615385	CENPP	1	12	12	8	96	64	0.560714751
0.000198402	0.001319329	13.84615385	CHD9	1	12	12	8	96	64	0.560714751
0.000208821	0.001375529	13.75	TOR1AIP2	0	10	12	8	72	48	0.581848891
0.000208821	0.001375529	13.75	HNRNPM	0	10	12	8	72	48	0.581848891
0.000208821	0.001375529	13.75	ACER3	0	10	12	8	72	48	0.581848891
0.000208821	0.001375529	13.75	NMNAT1	0	10	12	8	72	48	0.581848891
0.000208821	0.001375529	13.75	UTP6	0	10	12	8	72	48	0.581848891
0.000208821	0.001375529	13.75	ZBTB24	0	10	12	8	72	48	0.581848891
0.000213154	0.001397491	13.71142331	SZRD1	1	12	12	8	108	72	0.582753804
0.000213154	0.001397491	13.71142331	AC013394.2	1	12	12	8	108	72	0.582753804
0.000213154	0.001397491	13.71142331	BPNT1	1	12	12	8	108	72	0.582753804
0.000229375	0.001494497	13.57371795	NPM1	0	10	12	8	84	56	0.618721597
0.000229375	0.001494497	13.57371795	QSER1	0	10	12	8	84	56	0.618721597
0.000229375	0.001494497	13.57371795	CCDC43	0	10	12	8	84	56	0.618721597
0.000229375	0.001494497	13.57371795	POLR1A	0	10	12	8	84	56	0.618721597
0.000231592	0.001506607	13.55565731	RILPL2	3	15	12	8	120	80	0.618721597
0.000245048	0.00157419	13.44967808	NANS	1	12	12	8	144	96	0.643843894
0.000245048	0.00157419	13.44967808	C16orf70	1	12	12	8	144	96	0.643843894
0.000245733	0.00157419	13.44444444	C8orf44-SGK3	0	10	12	8	96	64	0.643843894
0.000245733	0.00157419	13.44444444	CNRIP1	0	10	12	8	96	64	0.643843894
0.000245733	0.00157419	13.44444444	MTFMT	0	10	12	8	96	64	0.643843894
0.000245733	0.00157419	13.44444444	ZC3HC1	0	10	12	8	96	64	0.643843894
0.000245733	0.00157419	13.44444444	EIF3L	0	10	12	8	96	64	0.643843894
0.000245733	0.00157419	13.44444444	ZUFSP	0	10	12	8	96	64	0.643843894
0.000245048	0.00157419	13.44967808	RPL38	1	12	12	8	144	96	0.643843894
0.000245733	0.00157419	13.44444444	PML	0	10	12	8	96	64	0.643843894
0.000249927	0.001593757	13.41269841	PAIP1	2	13	12	8	72	48	0.643843894
0.000249927	0.001593757	13.41269841	CMC1	2	13	12	8	72	48	0.643843894
0.000249927	0.001593757	13.41269841	PRKRA	2	13	12	8	72	48	0.643843894
0.000252877	0.001610122	13.39068826	ST3GAL2	1	12	12	8	156	104	0.643843894
0.000259031	0.00164432	13.34558824	ZNF251	0	10	12	8	108	72	0.649506273
0.000259031	0.00164432	13.34558824	MYO19	0	10	12	8	108	72	0.649506273
0.000270041	0.001711618	13.26754386	NAE1	0	10	12	8	120	80	0.672665852
0.000276649	0.001750861	13.22222222	TMEM192	6	19	12	8	168	112	0.686337585
0.000279919	0.001768888	13.20019908	ZMYM2	12	26	12	8	192	128	0.691635264
0.000291677	0.001840419	13.12309711	PUM2	28	43	12	8	384	256	0.717763399
0.000298889	0.001877454	13.07734205	TPGS2	0	9	12	8	36	24	0.730329671
0.000298889	0.001877454	13.07734205	NKRF	0	9	12	8	36	24	0.730329671
0.000298889	0.001877454	13.07734205	LINC00963	0	9	12	8	36	24	0.730329671
0.000307674	0.001929746	13.02308802	EMB	11	24	12	8	120	80	0.744882083
0.000343007	0.002144942	12.81960227	CHUK	1	11	12	8	60	40	0.825802521
0.000343007	0.002144942	12.81960227	NNT-AS1	1	11	12	8	60	40	0.825802521
0.000346058	0.002154393	12.8030303	FAM122C	2	13	12	8	108	72	0.825802521
0.000346058	0.002154393	12.8030303	GPBP1	2	13	12	8	108	72	0.825802521
0.000346058	0.002154393	12.8030303	NELFA	2	13	12	8	108	72	0.825802521
0.000356554	0.002216444	12.74714052	F11R	6	18	12	8	96	64	0.84224887
0.000380087	0.00235924	12.62762763	SOS2	7	20	12	8	216	144	0.894151847
0.000386639	0.002393892	12.5956834	TM2D1	17	31	12	8	240	160	0.904891041
0.000386811	0.002393892	12.59485095	VPS54	2	13	12	8	132	88	0.904891041
0.000401591	0.002449235	12.5247783	EPRS	0	9	12	8	48	32	0.920912499
0.000401591	0.002449235	12.5247783	MRPL3	0	9	12	8	48	32	0.920912499
0.000401591	0.002449235	12.5247783	NEDD8	0	9	12	8	48	32	0.920912499
0.000401591	0.002449235	12.5247783	SNF8	0	9	12	8	48	32	0.920912499
0.000399459	0.002449235	12.53472222	RP5-886K2.3	1	11	12	8	72	48	0.920912499
0.000399459	0.002449235	12.53472222	RP11-15H20.7	1	11	12	8	72	48	0.920912499
0.000399051	0.002449235	12.53663004	MCM4	0	7	12	8	12	8	0.920912499
0.000399459	0.002449235	12.53472222	NICN1	1	11	12	8	72	48	0.920912499
0.000399051	0.002449235	12.53663004	BLCAP	0	7	12	8	12	8	0.920912499
0.000399051	0.002449235	12.53663004	PTER	0	7	12	8	12	8	0.920912499
0.000402938	0.002453888	12.51851852	ARFGAP2	2	13	12	8	144	96	0.920912499
0.000432481	0.002629984	12.38636364	RP11-440L14.1	15	29	12	8	288	192	0.959944139
0.000450433	0.002735191	12.31043466	WDHD1	3	14	12	8	96	64	0.995609612
0.000461	0.002795313	12.26715686	KLHL24	5	17	12	8	156	104	1
0.000474043	0.002837494	12.21509972	C12orf75	0	9	12	8	60	40	1
0.000474043	0.002837494	12.21509972	HNRNPL	0	9	12	8	60	40	1
0.000474043	0.002837494	12.21509972	POLD3	0	9	12	8	60	40	1
0.000474043	0.002837494	12.21509972	PPIP5K1	0	9	12	8	60	40	1
0.000474043	0.002837494	12.21509972	ELOVL5	0	9	12	8	60	40	1
0.000474043	0.002837494	12.21509972	UBE2D3	0	9	12	8	60	40	1
0.000474043	0.002837494	12.21509972	CTA-211A9.5	0	9	12	8	60	40	1
0.000474043	0.002837494	12.21509972	ARSD	0	9	12	8	60	40	1
0.000474043	0.002837494	12.21509972	MILR1	0	9	12	8	60	40	1
0.000478935	0.002858621	12.19594595	ATG7	1	11	12	8	96	64	1
0.000478935	0.002858621	12.19594595	MDN1	1	11	12	8	96	64	1
0.000481316	0.002868756	12.18669251	STK38	5	17	12	8	168	112	1
0.000507731	0.003021903	12.08705357	COPE	1	11	12	8	108	72	1
0.000509587	0.00302865	12.08025228	ADPGK	4	15	12	8	84	56	1
0.000527069	0.003102392	12.01737292	REL	9	22	12	8	252	168	1
0.00052717	0.003102392	12.01701702	BPTF	0	9	12	8	72	48	1
0.00052717	0.003102392	12.01701702	CCM2	0	9	12	8	72	48	1
0.00052717	0.003102392	12.01701702	CDYL	0	9	12	8	72	48	1
0.00052717	0.003102392	12.01701702	GEMIN2	0	9	12	8	72	48	1
0.00052717	0.003102392	12.01701702	TTI1	0	9	12	8	72	48	1
0.00052717	0.003102392	12.01701702	TRMT2B	0	9	12	8	72	48	1
0.000531626	0.003115507	12.00132979	RNF138	1	11	12	8	120	80	1
0.000531626	0.003115507	12.00132979	UPF2	1	11	12	8	120	80	1
0.000531626	0.003115507	12.00132979	RP11-85K15.2	1	11	12	8	120	80	1
0.000551752	0.003211029	11.93209135	STAT3	1	11	12	8	132	88	1
0.000550318	0.003211029	11.93694091	TCF25	6	18	12	8	156	104	1
0.000551752	0.003211029	11.93209135	LSM14A	1	11	12	8	132	88	1
0.000551752	0.003211029	11.93209135	TNRC18	1	11	12	8	132	88	1
0.000550318	0.003211029	11.93694091	TFDP2	6	18	12	8	156	104	1
0.000567577	0.003266876	11.87941759	DNASE1	0	9	12	8	84	56	1
0.000567577	0.003266876	11.87941759	IGBP1	0	9	12	8	84	56	1
0.000567577	0.003266876	11.87941759	MGME1	0	9	12	8	84	56	1
0.000567577	0.003266876	11.87941759	TMEM189-UBE2V1	0	9	12	8	84	56	1
0.000567577	0.003266876	11.87941759	DNMBP	0	9	12	8	84	56	1
0.000567577	0.003266876	11.87941759	FKBP11	0	9	12	8	84	56	1
0.000567577	0.003266876	11.87941759	CYCS	0	9	12	8	84	56	1
0.000567577	0.003266876	11.87941759	ZNF431	0	9	12	8	84	56	1
0.000599262	0.003430428	11.77826833	AP1G1	0	9	12	8	96	64	1
0.000599262	0.003430428	11.77826833	UQCRH	0	9	12	8	96	64	1
0.000599262	0.003430428	11.77826833	LRIG2	0	9	12	8	96	64	1
0.000599262	0.003430428	11.77826833	RNFT2	0	9	12	8	96	64	1
0.000620438	0.003546807	11.71363602	ZNF146	3	14	12	8	168	112	1
0.000624739	0.003556859	11.70077973	FAM35A	0	9	12	8	108	72	1
0.000624739	0.003556859	11.70077973	REV1	0	9	12	8	108	72	1
0.000624739	0.003556859	11.70077973	PSMD4	0	9	12	8	108	72	1
0.000637426	0.003624171	11.6633756	FASTKD1	3	14	12	8	180	120	1
0.000682326	0.003874207	11.53678395	SND1	4	15	12	8	120	80	1
0.000691431	0.003920598	11.51214206	ACSL1	7	19	12	8	180	120	1
0.000699888	0.003963196	11.48954537	RANBP2	13	26	12	8	264	176	1
0.000707657	0.004001793	11.46902655	GNAQ	59	16	12	8	384	256	1
0.000725434	0.004091292	11.4229249	MIR24-2	1	10	12	8	48	32	1
0.000725434	0.004091292	11.4229249	NSUN3	1	10	12	8	48	32	1
0.00079028	0.004451029	11.26392225	KIAA0391	4	15	12	8	156	104	1
0.000803183	0.004517632	11.23386403	GPALPP1	2	12	12	8	108	72	1
0.00082889	0.004655985	11.17540126	CCT4	5	16	12	8	120	80	1
0.000830691	0.004659866	11.17137356	RPS3A	5	14	12	8	36	24	1
0.000857812	0.004780051	11.11177885	OGDH	0	8	12	8	36	24	1
0.000857812	0.004780051	11.11177885	ZNF418	0	8	12	8	36	24	1
0.000857812	0.004780051	11.11177885	ZNF701	0	8	12	8	36	24	1
0.000857812	0.004780051	11.11177885	ZNF765	0	8	12	8	36	24	1
0.000857812	0.004780051	11.11177885	RSL1D1	0	8	12	8	36	24	1
0.000877371	0.00488058	11.06996936	RNF145	1	10	12	8	60	40	1
0.000878179	0.00488058	11.06826364	POLB	6	17	12	8	108	72	1
0.000880103	0.004884806	11.06420481	EPC1	2	12	12	8	132	88	1
0.000893577	0.004953038	11.03603604	ZNRF1	16	29	12	8	360	240	1