p.value	p.adjust	chi_square_statistic	Gene	n_cond1	n_cond2	n_samples_cond1	n_samples_cond2	n_possible_sites_cond1	n_possible_sites_cond2	p.adjust2
2.12E-92	1.31E-88	415.6866616	SPN	7	148	22	8	1078	392	1.51E-85
2.89E-68	8.95E-65	304.852229	GABPB1-AS1	3	110	22	8	1276	464	1.03E-61
5.23E-63	1.08E-59	280.7224484	CCAR1	4	103	22	8	1144	416	1.24E-56
3.37E-55	5.22E-52	244.8963693	HOOK3	3	89	22	8	946	344	5.97E-49
1.64E-54	2.03E-51	241.7414534	CCDC84	3	88	22	8	946	344	2.32E-48
1.01E-52	1.04E-49	233.5407032	POLG2	9	94	22	8	1034	376	1.19E-46
2.82E-47	2.49E-44	208.5708488	ZNF83	4	79	22	8	990	360	2.85E-41
2.08E-46	1.61E-43	204.588033	RB1CC1	16	93	22	8	1034	376	1.84E-40
2.55E-43	1.76E-40	190.435693	SIK3	44	120	22	8	2002	728	2.00E-37
1.28E-39	7.94E-37	173.4862657	MATR3	4	67	22	8	858	312	9.04E-34
4.55E-39	2.56E-36	170.9676518	LUC7L	6	70	22	8	1210	440	2.91E-33
1.44E-37	7.41E-35	164.1045712	PSMD12	1	58	22	8	550	200	8.42E-32
2.35E-37	1.12E-34	163.1252668	ZNF726	0	54	22	8	352	128	1.27E-31
4.27E-37	1.89E-34	161.9389205	ZNF43	7	65	22	8	528	192	2.14E-31
6.82E-37	2.64E-34	161.0066022	CTD-2116N17.1	0	56	22	8	616	224	2.99E-31
6.49E-37	2.64E-34	161.1048762	MED13	16	79	22	8	1254	456	2.99E-31
2.44E-36	8.89E-34	158.4748314	TMEM41B	2	59	22	8	792	288	1.00E-30
4.81E-36	1.65E-33	157.1253484	FAM192A	0	55	22	8	660	240	1.87E-30
5.18E-36	1.69E-33	156.9756155	NUTM2A-AS1	15	75	22	8	858	312	1.91E-30
3.11E-35	9.62E-33	153.4169379	ENOSF1	6	63	22	8	836	304	1.09E-29
3.35E-35	9.87E-33	153.2692654	NFATC2IP	5	62	22	8	946	344	1.11E-29
7.48E-35	2.11E-32	151.670072	RPL30	0	49	22	8	264	96	2.37E-29
2.77E-34	7.48E-32	149.0658482	RP11-119K6.6	1	49	22	8	242	88	8.41E-29
4.01E-34	1.04E-31	148.3314226	METTL7A	0	49	22	8	308	112	1.17E-28
8.12E-34	2.01E-31	146.9328074	GINS4	0	51	22	8	528	192	2.26E-28
1.43E-33	3.40E-31	145.8105911	C6orf62	2	53	22	8	462	168	3.82E-28
8.60E-33	1.97E-30	142.2439153	ANAPC5	5	57	22	8	616	224	2.21E-27
6.42E-32	1.42E-29	138.2520355	SLC20A2	4	55	22	8	748	272	1.59E-26
7.63E-32	1.63E-29	137.9087448	ZNF587	1	50	22	8	594	216	1.82E-26
7.64E-31	1.58E-28	133.3337894	RAD51-AS1	5	54	22	8	594	216	1.77E-25
3.63E-30	7.25E-28	130.2427686	ZFAND6	2	48	22	8	440	160	8.10E-25
7.80E-30	1.51E-27	128.7221754	CAND1	0	43	22	8	286	104	1.69E-24
2.32E-29	4.23E-27	126.560131	GP6	0	44	22	8	440	160	4.71E-24
2.31E-29	4.23E-27	126.565696	APOBEC3F	3	47	22	8	330	120	4.71E-24
3.12E-29	5.52E-27	125.9726152	RP11-498C9.15	9	56	22	8	528	192	6.14E-24
9.10E-29	1.52E-26	123.8463821	RP11-613M10.9	7	54	22	8	726	264	1.70E-23
8.96E-29	1.52E-26	123.8784951	ZNF346	2	47	22	8	616	224	1.70E-23
1.30E-28	2.12E-26	123.1402861	MARK3	2	47	22	8	682	248	2.35E-23
3.05E-28	4.85E-26	121.44683	RBM14-RBM4	3	46	22	8	374	136	5.38E-23
3.94E-28	6.10E-26	120.9415409	CCT8	0	40	22	8	242	88	6.76E-23
1.12E-27	1.69E-25	118.8660071	NUP98	47	93	22	8	1584	576	1.88E-22
1.67E-27	2.47E-25	118.0700302	GDPD1	3	43	22	8	242	88	2.73E-22
1.74E-27	2.51E-25	117.9896545	RP11-760H22.2	0	41	22	8	396	144	2.78E-22
2.37E-27	3.33E-25	117.3831989	CMSS1	5	46	22	8	286	104	3.68E-22
4.43E-27	6.11E-25	116.1377165	COG7	1	41	22	8	308	112	6.74E-22
6.15E-27	8.28E-25	115.4902126	DAP3	32	76	22	8	748	272	9.13E-22
6.67E-27	8.80E-25	115.3272334	RP11-1021N1.1	0	40	22	8	374	136	9.69E-22
2.07E-25	2.67E-23	108.5221541	XPNPEP3	1	40	22	8	484	176	2.93E-20
2.42E-25	3.06E-23	108.2105273	RNF114	1	40	22	8	506	184	3.36E-20
2.63E-25	3.26E-23	108.041064	EIF3M	1	39	22	8	352	128	3.58E-20
4.67E-25	5.67E-23	106.9054871	HKR1	2	41	22	8	506	184	6.22E-20
1.08E-24	1.29E-22	105.2458407	DNAJC24	0	37	22	8	396	144	1.41E-19
1.29E-24	1.50E-22	104.8985493	MIS18BP1	6	46	22	8	616	224	1.65E-19
1.49E-24	1.71E-22	104.6011936	EZH2	14	55	22	8	660	240	1.88E-19
2.25E-24	2.53E-22	103.7910368	ANAPC16	1	38	22	8	396	144	2.77E-19
3.38E-24	3.74E-22	102.9839857	NT5C2	20	62	22	8	1232	448	4.08E-19
3.56E-24	3.87E-22	102.8785031	KMT2E	11	52	22	8	924	336	4.23E-19
6.11E-24	6.53E-22	101.8097101	NDUFV3	1	38	22	8	528	192	7.12E-19
6.47E-24	6.79E-22	101.6980197	SMEK1	3	41	22	8	594	216	7.40E-19
7.60E-24	7.76E-22	101.3770733	NR2C1	2	39	22	8	462	168	8.45E-19
7.64E-24	7.76E-22	101.3675653	RPS20	0	36	22	8	440	160	8.45E-19
1.35E-23	1.35E-21	100.2351226	WSB1	1	37	22	8	418	152	1.47E-18
1.61E-23	1.58E-21	99.89705417	SFT2D1	1	34	22	8	176	64	1.71E-18
3.00E-23	2.91E-21	98.65699518	KAT6B	12	51	22	8	704	256	3.15E-18
3.43E-23	3.27E-21	98.39562731	ZNF397	1	36	22	8	352	128	3.54E-18
4.84E-23	4.54E-21	97.71355988	AC002310.13	2	38	22	8	506	184	4.91E-18
2.43E-22	2.21E-20	94.51798202	TAF15	1	34	22	8	264	96	2.39E-17
2.43E-22	2.21E-20	94.51798202	ZNF69	1	34	22	8	264	96	2.39E-17
2.47E-22	2.22E-20	94.48428061	TTC19	3	38	22	8	440	160	2.39E-17
6.65E-22	5.89E-20	92.525133	RN7SL498P	1	34	22	8	330	120	6.35E-17
8.21E-22	7.08E-20	92.10706096	PAFAH1B1	11	48	22	8	858	312	7.62E-17
8.22E-22	7.08E-20	92.10448642	RPL22	0	33	22	8	440	160	7.62E-17
8.35E-22	7.09E-20	92.07490809	SNURF	1	33	22	8	242	88	7.62E-17
8.82E-22	7.39E-20	91.96551376	SPC24	2	35	22	8	308	112	7.93E-17
1.25E-21	1.03E-19	91.28160511	RP3-475N16.1	8	42	22	8	330	120	1.10E-16
1.38E-21	1.13E-19	91.07302296	CTC-444N24.11	2	34	22	8	242	88	1.21E-16
1.42E-21	1.14E-19	91.02564113	ZNF506	2	36	22	8	572	208	1.22E-16
1.75E-21	1.39E-19	90.61458453	ARHGAP11B	1	34	22	8	440	160	1.48E-16
2.26E-21	1.77E-19	90.10714286	SYMPK	1	34	22	8	484	176	1.89E-16
2.39E-21	1.85E-19	89.99534739	RPS20	0	31	22	8	242	88	1.98E-16
4.73E-21	3.62E-19	88.64169034	STK4	0	30	22	8	198	72	3.86E-16
6.36E-21	4.81E-19	88.05737727	GART	3	36	22	8	462	168	5.12E-16
7.87E-21	5.88E-19	87.63536096	TXN	3	33	22	8	176	64	6.26E-16
9.84E-21	7.26E-19	87.19436906	LCOR	8	42	22	8	528	192	7.72E-16
1.88E-20	1.37E-18	85.91209893	KCTD20	8	42	22	8	660	240	1.46E-15
2.08E-20	1.50E-18	85.71656762	SENP6	5	38	22	8	528	192	1.59E-15
2.49E-20	1.71E-18	85.35866477	RP11-512M8.5	0	30	22	8	286	104	1.82E-15
2.49E-20	1.71E-18	85.35866477	STAG2	0	30	22	8	286	104	1.82E-15
2.49E-20	1.71E-18	85.35866477	FCF1	0	30	22	8	286	104	1.82E-15
2.49E-20	1.71E-18	85.35866477	RBBP9	0	30	22	8	286	104	1.82E-15
2.70E-20	1.84E-18	85.19461589	XPOT	0	29	22	8	198	72	1.95E-15
4.07E-20	2.74E-18	84.38412907	LINC00843	2	32	22	8	242	88	2.90E-15
5.71E-20	3.80E-18	83.71715199	PABPC1	0	30	22	8	374	136	4.01E-15
8.30E-20	5.48E-18	82.976216	AHR	0	28	22	8	176	64	5.77E-15
9.52E-20	6.21E-18	82.70655561	RBM39	0	29	22	8	264	96	6.54E-15
1.84E-19	1.19E-17	81.40699336	YME1L1	4	34	22	8	286	104	1.25E-14
6.32E-19	4.04E-17	78.96493484	STX2	0	28	22	8	286	104	4.25E-14
9.57E-19	5.99E-17	78.14566116	HINFP	1	29	22	8	264	96	6.29E-14
9.51E-19	5.99E-17	78.15887645	CEP78	0	28	22	8	330	120	6.29E-14
9.81E-19	6.08E-17	78.09772995	BAZ1B	5	35	22	8	418	152	6.37E-14
1.10E-18	6.72E-17	77.87908381	APOBEC3D	0	24	22	8	88	32	7.04E-14
1.31E-18	7.97E-17	77.52455877	ANKRD10	0	27	22	8	220	80	8.33E-14
1.53E-18	9.22E-17	77.21533517	RNF125	2	31	22	8	440	160	9.64E-14
1.59E-18	9.48E-17	77.14141819	LENG8-AS1	4	33	22	8	330	120	9.90E-14
1.86E-18	1.10E-16	76.83374587	INIP	0	27	22	8	242	88	1.14E-13
2.48E-18	1.45E-16	76.26740377	CTSB	0	27	22	8	264	96	1.51E-13
2.78E-18	1.61E-16	76.03645187	POLR1D	0	26	22	8	176	64	1.68E-13
2.83E-18	1.62E-16	76.0065345	GPR107	4	33	22	8	396	144	1.69E-13
2.87E-18	1.63E-16	75.97659172	H2AFV	27	57	22	8	902	328	1.70E-13
3.28E-18	1.85E-16	75.71340945	ZNF652	4	33	22	8	418	152	1.92E-13
4.04E-18	2.25E-16	75.30395741	BAZ1A	3	32	22	8	550	200	2.34E-13
4.22E-18	2.33E-16	75.2161349	STX5	4	33	22	8	462	168	2.42E-13
4.65E-18	2.55E-16	75.02367126	C19orf53	0	26	22	8	198	72	2.64E-13
4.87E-18	2.65E-16	74.93301859	FOXRED2	1	28	22	8	264	96	2.74E-13
7.79E-18	4.20E-16	74.0067366	KAT8	1	28	22	8	308	112	4.33E-13
8.34E-18	4.45E-16	73.87156909	KIAA0101	0	27	22	8	440	160	4.60E-13
1.02E-17	5.40E-16	73.4751408	SLC35E3	3	31	22	8	418	152	5.57E-13
1.43E-17	7.51E-16	72.8067392	SLC2A3	1	28	22	8	396	144	7.74E-13
1.58E-17	8.21E-16	72.61522199	RAB2B	0	25	22	8	176	64	8.44E-13
1.65E-17	8.51E-16	72.5273002	ZNF101	2	29	22	8	330	120	8.75E-13
1.88E-17	9.64E-16	72.2649188	CDKAL1	16	45	22	8	594	216	9.90E-13
2.19E-17	1.11E-15	71.96581831	PSPC1	11	40	22	8	572	208	1.14E-12
2.24E-17	1.13E-15	71.91944913	EMID1	1	28	22	8	506	184	1.16E-12
2.29E-17	1.14E-15	71.87345002	ZNF69	24	53	22	8	1012	368	1.17E-12
2.28E-17	1.14E-15	71.88838505	MDM2	0	24	22	8	132	48	1.17E-12
3.07E-17	1.51E-15	71.296875	PFDN5	2	28	22	8	242	88	1.54E-12
3.44E-17	1.68E-15	71.07173175	EFTUD2	5	33	22	8	528	192	1.72E-12
3.66E-17	1.77E-15	70.95136089	MAPK1IP1L	6	34	22	8	484	176	1.81E-12
3.78E-17	1.82E-15	70.88669701	CHD4	1	27	22	8	308	112	1.85E-12
4.40E-17	2.10E-15	70.59075936	FDPS	7	35	22	8	484	176	2.13E-12
4.49E-17	2.12E-15	70.5507411	LINC00426	1	27	22	8	330	120	2.16E-12
4.88E-17	2.29E-15	70.38319672	HTRA4	0	25	22	8	242	88	2.33E-12
5.19E-17	2.42E-15	70.26269185	BDP1	3	30	22	8	440	160	2.46E-12
6.53E-17	3.02E-15	69.80966013	TGIF2-C20orf24	14	43	22	8	990	360	3.06E-12
6.79E-17	3.12E-15	69.73331541	CRYZL1	3	30	22	8	506	184	3.16E-12
8.28E-17	3.77E-15	69.34242907	CBFB	6	33	22	8	374	136	3.82E-12
8.78E-17	3.97E-15	69.22585227	ABI1	0	24	22	8	176	64	4.02E-12
1.00E-16	4.51E-15	68.961796	ZFAND1	3	29	22	8	308	112	4.55E-12
1.60E-16	7.15E-15	68.03724745	TXNL1	5	32	22	8	550	200	7.22E-12
1.77E-16	7.83E-15	67.84539474	RP11-453F18__B.1	16	44	22	8	880	320	7.89E-12
2.01E-16	8.82E-15	67.59717988	DENND4A	16	44	22	8	946	344	8.88E-12
2.47E-16	1.08E-14	67.18979779	SLC25A3	0	24	22	8	242	88	1.08E-11
3.59E-16	1.54E-14	66.45167105	NDUFC2	1	25	22	8	220	80	1.55E-11
3.59E-16	1.54E-14	66.45167105	RP11-690G19.3	1	25	22	8	220	80	1.55E-11
3.72E-16	1.59E-14	66.37989207	POMP	2	27	22	8	330	120	1.59E-11
4.06E-16	1.72E-14	66.20687694	ACBD5	4	29	22	8	264	96	1.73E-11
5.57E-16	2.35E-14	65.58238636	ZNF320	0	24	22	8	352	128	2.35E-11
6.18E-16	2.59E-14	65.37997159	PSPC1	0	24	22	8	374	136	2.59E-11
7.11E-16	2.96E-14	65.10124458	COLGALT1	0	23	22	8	198	72	2.96E-11
9.28E-16	3.83E-14	64.57762494	TMEM106A	4	29	22	8	352	128	3.83E-11
1.00E-15	4.10E-14	64.43093804	TDG	5	30	22	8	330	120	4.09E-11
1.02E-15	4.14E-14	64.40035304	SRGN	2	26	22	8	264	96	4.12E-11
1.07E-15	4.33E-14	64.29839779	DPY19L2	4	29	22	8	374	136	4.31E-11
1.18E-15	4.73E-14	64.11053016	MGEA5	6	31	22	8	330	120	4.71E-11
1.21E-15	4.84E-14	64.05276601	RAP1B	6	32	22	8	682	248	4.81E-11
1.25E-15	4.98E-14	63.98524947	OIP5-AS1	2	26	22	8	286	104	4.94E-11
1.77E-15	6.98E-14	63.30690921	PTGES3	5	30	22	8	418	152	6.92E-11
1.84E-15	7.22E-14	63.22933884	NARG2	1	24	22	8	220	80	7.15E-11
2.06E-15	8.03E-14	63.00590645	VPS29	0	23	22	8	308	112	7.95E-11
3.05E-15	1.18E-13	62.23424838	SRSF11	29	52	22	8	638	232	1.17E-10
3.96E-15	1.53E-13	61.71852377	OSBPL1A	7	32	22	8	528	192	1.51E-10
4.09E-15	1.57E-13	61.65558618	ZNF730	6	31	22	8	594	216	1.54E-10
4.15E-15	1.58E-13	61.62859609	N4BP2L2	1	24	22	8	308	112	1.55E-10
5.15E-15	1.95E-13	61.2009924	ZNF823	0	21	22	8	132	48	1.92E-10
7.15E-15	2.69E-13	60.5562201	USP9X	10	35	22	8	660	240	2.64E-10
8.14E-15	3.04E-13	60.30182141	SMU1	2	25	22	8	330	120	2.98E-10
8.72E-15	3.24E-13	60.16613924	EIF4H	16	39	22	8	330	120	3.17E-10
9.33E-15	3.44E-13	60.03196023	SNRPN	1	23	22	8	220	80	3.37E-10
9.74E-15	3.57E-13	59.94825626	AKAP9	0	22	22	8	308	112	3.50E-10
1.23E-14	4.45E-13	59.49413715	VPS37B	3	26	22	8	330	120	4.35E-10
1.22E-14	4.45E-13	59.49669471	JPX	6	30	22	8	484	176	4.35E-10
1.25E-14	4.52E-13	59.45186109	RPL34	19	43	22	8	704	256	4.41E-10
1.40E-14	4.97E-13	59.22972373	CHKA	7	31	22	8	484	176	4.84E-10
1.42E-14	4.97E-13	59.21067064	NFAT5	4	27	22	8	308	112	4.84E-10
1.42E-14	4.97E-13	59.20836976	GNPNAT1	0	20	22	8	110	40	4.84E-10
1.42E-14	4.97E-13	59.20836976	MPHOSPH8	0	20	22	8	110	40	4.84E-10
1.42E-14	4.97E-13	59.20836976	RPL7L1	0	20	22	8	110	40	4.84E-10
1.56E-14	5.45E-13	59.0158752	R3HDM2	3	26	22	8	374	136	5.28E-10
1.69E-14	5.84E-13	58.86776559	NEMF	6	30	22	8	594	216	5.66E-10
1.91E-14	6.55E-13	58.62022766	STAM	0	21	22	8	198	72	6.34E-10
1.91E-14	6.55E-13	58.62022766	VPS41	0	21	22	8	198	72	6.34E-10
1.96E-14	6.66E-13	58.57663998	NACA	1	23	22	8	308	112	6.43E-10
1.98E-14	6.70E-13	58.55224321	SMARCA4	6	29	22	8	308	112	6.47E-10
2.30E-14	7.74E-13	58.25907125	SPAG9	9	33	22	8	594	216	7.46E-10
2.39E-14	7.97E-13	58.18034182	MVB12A	4	27	22	8	396	144	7.67E-10
2.38E-14	7.97E-13	58.18791946	RP11-201K10.3	5	28	22	8	352	128	7.67E-10
3.01E-14	9.98E-13	57.72816051	SOCS2-AS1	0	20	22	8	132	48	9.59E-10
3.11E-14	1.02E-12	57.66070241	EIF2AK2	189	147	22	8	1694	616	9.82E-10
3.12E-14	1.02E-12	57.65805623	SKP1	8	31	22	8	352	128	9.82E-10
3.54E-14	1.15E-12	57.40978049	SHCBP1	0	21	22	8	264	96	1.10E-09
3.54E-14	1.15E-12	57.40978049	RP11-212P7.3	0	21	22	8	264	96	1.10E-09
3.61E-14	1.17E-12	57.36818856	USP15	9	32	22	8	374	136	1.12E-09
4.20E-14	1.34E-12	57.0705616	EIF4B	2	24	22	8	352	128	1.28E-09
4.20E-14	1.34E-12	57.0705616	HNRNPC	2	24	22	8	352	128	1.28E-09
4.63E-14	1.47E-12	56.87895072	ITPA	2	24	22	8	374	136	1.40E-09
4.89E-14	1.55E-12	56.77201705	AREL1	3	25	22	8	308	112	1.47E-09
5.04E-14	1.58E-12	56.71538577	EMR2	0	20	22	8	154	56	1.50E-09
5.04E-14	1.58E-12	56.71538577	TMEM241	0	20	22	8	154	56	1.50E-09
5.59E-14	1.74E-12	56.51089981	GINS1	2	23	22	8	198	72	1.65E-09
5.83E-14	1.79E-12	56.42857176	GCNT2	9	32	22	8	462	168	1.70E-09
5.81E-14	1.79E-12	56.4334903	JOSD1	1	22	22	8	242	88	1.70E-09
5.83E-14	1.79E-12	56.42736003	PAAF1	18	41	22	8	748	272	1.70E-09
6.90E-14	2.11E-12	56.09682656	RABGEF1	6	29	22	8	594	216	1.99E-09
8.83E-14	2.68E-12	55.61139468	ZNF121	0	19	22	8	110	40	2.53E-09
1.22E-13	3.68E-12	54.97972482	FOXO1	1	22	22	8	374	136	3.47E-09
1.31E-13	3.94E-12	54.83584797	CPSF7	1	22	22	8	396	144	3.71E-09
1.37E-13	4.09E-12	54.7547627	MORF4L1	6	28	22	8	374	136	3.85E-09
2.13E-13	6.35E-12	53.87961648	STX12	9	31	22	8	440	160	5.97E-09
2.25E-13	6.66E-12	53.7771802	UHRF2	3	24	22	8	308	112	6.25E-09
2.26E-13	6.66E-12	53.76765225	DYNC1H1	2	23	22	8	396	144	6.25E-09
2.32E-13	6.82E-12	53.7118549	OSGEP	1	21	22	8	220	80	6.39E-09
2.42E-13	7.07E-12	53.63062969	CTC-429P9.4	2	23	22	8	418	152	6.62E-09
2.72E-13	7.89E-12	53.39858526	CLPX	0	19	22	8	154	56	7.37E-09
2.72E-13	7.89E-12	53.39858526	MAGT1	0	19	22	8	154	56	7.37E-09
3.00E-13	8.66E-12	53.20619189	CTD-3222D19.2	13	35	22	8	616	224	8.08E-09
3.31E-13	9.51E-12	53.01264732	ACYP1	1	21	22	8	264	96	8.86E-09
3.89E-13	1.11E-11	52.69764942	KMT2C	8	30	22	8	660	240	1.03E-08
4.04E-13	1.15E-11	52.62281719	APOLD1	8	30	22	8	682	248	1.07E-08
4.37E-13	1.24E-11	52.46816947	PDS5A	50	64	22	8	1320	480	1.15E-08
4.55E-13	1.28E-11	52.38885338	NDE1	6	27	22	8	330	120	1.19E-08
5.07E-13	1.42E-11	52.17661379	USP33	20	41	22	8	792	288	1.32E-08
5.99E-13	1.67E-11	51.85119362	ICOSLG	0	19	22	8	220	80	1.55E-08
6.73E-13	1.87E-11	51.62167129	ADNP	11	32	22	8	418	152	1.73E-08
7.04E-13	1.95E-11	51.53441784	MBD3	0	19	22	8	242	88	1.80E-08
7.85E-13	2.16E-11	51.31867198	USP47	2	22	22	8	330	120	2.00E-08
9.66E-13	2.65E-11	50.91224747	PSMD12	0	18	22	8	132	48	2.44E-08
1.02E-12	2.79E-11	50.80434001	NF1	3	23	22	8	308	112	2.57E-08
1.07E-12	2.87E-11	50.71713443	METAP2	2	22	22	8	418	152	2.64E-08
1.07E-12	2.87E-11	50.71713443	RP3-368A4.5	2	22	22	8	418	152	2.64E-08
1.06E-12	2.87E-11	50.72306494	RP5-1158E12.3	12	32	22	8	308	112	2.64E-08
1.33E-12	3.56E-11	50.29110993	SMG6	13	34	22	8	704	256	3.26E-08
1.40E-12	3.72E-11	50.18469965	FKBP3	0	17	22	8	88	32	3.41E-08
1.40E-12	3.72E-11	50.18469965	PPIA	0	17	22	8	88	32	3.41E-08
1.45E-12	3.83E-11	50.11230739	FBXL20	10	31	22	8	638	232	3.50E-08
1.45E-12	3.83E-11	50.11363636	C15orf40	0	15	22	8	44	16	3.50E-08
1.46E-12	3.84E-11	50.10020627	RP11-762I7.5	21	41	22	8	836	304	3.50E-08
1.77E-12	4.64E-11	49.72098214	MDM2	5	25	22	8	330	120	4.22E-08
1.81E-12	4.72E-11	49.67553939	PILRB	4	24	22	8	374	136	4.30E-08
2.06E-12	5.33E-11	49.42973624	FBXO34	19	39	22	8	792	288	4.85E-08
2.93E-12	7.52E-11	48.73775254	C9orf41	6	26	22	8	418	152	6.83E-08
2.91E-12	7.52E-11	48.74576886	GLTSCR1L	0	18	22	8	220	80	6.83E-08
3.68E-12	9.44E-11	48.28589109	UBOX5	4	23	22	8	242	88	8.55E-08
3.79E-12	9.65E-11	48.2326555	TMPO	0	18	22	8	264	96	8.74E-08
3.85E-12	9.78E-11	48.19911608	SIAH1	2	21	22	8	352	128	8.84E-08
3.97E-12	1.00E-10	48.13852163	RNF34	8	28	22	8	484	176	9.07E-08
4.07E-12	1.03E-10	48.08826276	UBR1	3	22	22	8	286	104	9.26E-08
4.89E-12	1.23E-10	47.73023201	RBX1	0	18	22	8	330	120	1.11E-07
5.52E-12	1.38E-10	47.49137581	ZNF439	1	19	22	8	220	80	1.24E-07
6.01E-12	1.50E-10	47.32556232	PTEN	3	22	22	8	374	136	1.35E-07
6.97E-12	1.73E-10	47.03523852	GPATCH2L	2	20	22	8	198	72	1.55E-07
7.35E-12	1.81E-10	46.93265374	ZNF700	1	19	22	8	264	96	1.63E-07
7.59E-12	1.87E-10	46.86938918	GNL3L	0	17	22	8	154	56	1.67E-07
8.41E-12	2.06E-10	46.66866029	ZNF626	4	23	22	8	396	144	1.84E-07
8.61E-12	2.09E-10	46.62165928	VTI1A	2	20	22	8	220	80	1.87E-07
8.61E-12	2.09E-10	46.62165928	CPT1A	2	20	22	8	220	80	1.87E-07
8.98E-12	2.17E-10	46.53974134	GSPT1	4	23	22	8	418	152	1.94E-07
9.86E-12	2.38E-10	46.35564631	SRD5A3	118	2	22	8	440	160	2.12E-07
1.18E-11	2.84E-10	45.99724404	STXBP5	48	57	22	8	550	200	2.53E-07
1.20E-11	2.87E-10	45.9695816	POLB	0	17	22	8	198	72	2.56E-07
1.32E-11	3.14E-10	45.78816573	CCNL2	111	0	22	8	550	200	2.79E-07
1.39E-11	3.30E-10	45.68244485	SYNRG	3	21	22	8	242	88	2.93E-07
1.44E-11	3.42E-10	45.60826743	ELF1	14	33	22	8	704	256	3.03E-07
1.62E-11	3.82E-10	45.38238934	JARID2	20	38	22	8	748	272	3.38E-07
1.77E-11	4.16E-10	45.21012301	ATM	0	17	22	8	264	96	3.67E-07
1.80E-11	4.20E-10	45.18251099	RRP12	1	18	22	8	176	64	3.71E-07
1.84E-11	4.28E-10	45.13779573	ATAD5	3	21	22	8	286	104	3.77E-07
1.87E-11	4.32E-10	45.10227273	CTD-2583A14.10	0	15	22	8	66	24	3.81E-07
1.87E-11	4.32E-10	45.10227273	METTL2B	0	15	22	8	66	24	3.81E-07
2.65E-11	6.11E-10	44.41874968	NUP93	1	18	22	8	220	80	5.37E-07
3.28E-11	7.52E-10	44.00422522	MOB1B	13	31	22	8	462	168	6.60E-07
3.76E-11	8.59E-10	43.73630528	EP300	1	18	22	8	286	104	7.54E-07
3.88E-11	8.85E-10	43.67224548	SH3GL1	5	23	22	8	374	136	7.75E-07
3.91E-11	8.85E-10	43.65607793	RP11-349A22.5	0	16	22	8	154	56	7.75E-07
3.91E-11	8.85E-10	43.65607793	MTPAP	0	16	22	8	154	56	7.75E-07
4.37E-11	9.82E-10	43.43968211	DGKD	1	18	22	8	330	120	8.57E-07
4.36E-11	9.82E-10	43.44417314	PIGH	4	22	22	8	484	176	8.57E-07
4.92E-11	1.09E-09	43.21022727	PNN	1	17	22	8	132	48	9.51E-07
4.92E-11	1.09E-09	43.21060775	ZNF70	0	16	22	8	176	64	9.51E-07
4.92E-11	1.09E-09	43.21060775	VPS53	0	16	22	8	176	64	9.51E-07
5.85E-11	1.29E-09	42.87036675	COA4	0	16	22	8	198	72	1.12E-06
5.85E-11	1.29E-09	42.87036675	BRI3BP	0	16	22	8	198	72	1.12E-06
5.85E-11	1.29E-09	42.87036675	LONP2	0	16	22	8	198	72	1.12E-06
6.71E-11	1.46E-09	42.60200764	AOAH	0	16	22	8	220	80	1.27E-06
6.71E-11	1.46E-09	42.60200764	SLC25A27	0	16	22	8	220	80	1.27E-06
6.79E-11	1.48E-09	42.57901278	RBM28	2	18	22	8	132	48	1.27E-06
6.86E-11	1.49E-09	42.55952381	ZBED4	5	22	22	8	220	80	1.28E-06
7.16E-11	1.55E-09	42.47568597	MYB	24	40	22	8	880	320	1.33E-06
7.53E-11	1.62E-09	42.37585943	LUC7L3	2	19	22	8	352	128	1.39E-06
7.89E-11	1.69E-09	42.28530688	CDK17	18	35	22	8	726	264	1.45E-06
9.47E-11	2.02E-09	41.92712435	ZMYND8	0	16	22	8	308	112	1.74E-06
1.21E-10	2.58E-09	41.44451872	PRC1	4	21	22	8	330	120	2.21E-06
1.22E-10	2.58E-09	41.4385468	MACC1	3	19	22	8	154	56	2.21E-06
1.42E-10	3.01E-09	41.1328125	HEATR3	1	17	22	8	242	88	2.57E-06
1.52E-10	3.21E-09	41.00206612	PRR11	0	15	22	8	132	48	2.74E-06
1.96E-10	4.11E-09	40.50958807	LARS	1	17	22	8	330	120	3.51E-06
2.22E-10	4.66E-09	40.25981413	TAF2	7	24	22	8	462	168	3.97E-06
2.37E-10	4.95E-09	40.13191172	RP11-139J15.7	4	20	22	8	198	72	4.22E-06
2.42E-10	5.03E-09	40.09090909	DDI2	0	15	22	8	176	64	4.27E-06
2.42E-10	5.03E-09	40.09090909	ZNF432	0	15	22	8	176	64	4.27E-06
2.66E-10	5.49E-09	39.91250723	PAN3	28	42	22	8	1122	408	4.65E-06
2.82E-10	5.80E-09	39.79612299	LYRM5	0	15	22	8	198	72	4.92E-06
2.92E-10	6.00E-09	39.72644632	LINC00467	15	31	22	8	484	176	5.07E-06
3.18E-10	6.50E-09	39.56339713	DUSP18	0	15	22	8	220	80	5.49E-06
3.26E-10	6.65E-09	39.51198714	HNRNPA1L2	3	19	22	8	264	96	5.61E-06
3.38E-10	6.86E-09	39.44299804	UPF3A	0	14	22	8	88	32	5.79E-06
3.50E-10	7.08E-09	39.375	RP11-463D19.2	0	15	22	8	242	88	5.96E-06
3.52E-10	7.10E-09	39.36336275	GNPNAT1	1	16	22	8	154	56	5.97E-06
3.57E-10	7.19E-09	39.3340441	FBXO3	2	17	22	8	132	48	6.04E-06
3.61E-10	7.23E-09	39.315143	SMC5	3	19	22	8	286	104	6.07E-06
3.79E-10	7.57E-09	39.21936759	CCDC28A	0	15	22	8	264	96	6.35E-06
3.93E-10	7.83E-09	39.14797386	GS1-124K5.11	3	19	22	8	308	112	6.55E-06
4.05E-10	8.05E-09	39.08863636	TNFAIP8L1	0	15	22	8	286	104	6.73E-06
4.38E-10	8.65E-09	38.93467783	CEP95	1	16	22	8	176	64	7.22E-06
4.38E-10	8.65E-09	38.93467783	RSRC2	1	16	22	8	176	64	7.22E-06
5.01E-10	9.86E-09	38.6729295	TPM4	3	19	22	8	396	144	8.21E-06
6.49E-10	1.27E-08	38.16898827	PSTPIP2	15	30	22	8	374	136	1.06E-05
6.58E-10	1.29E-08	38.1416792	PGPEP1	1	16	22	8	242	88	1.07E-05
6.89E-10	1.34E-08	38.05047507	CDK6	8	24	22	8	396	144	1.12E-05
7.66E-10	1.49E-08	37.84530538	C11orf54	2	17	22	8	198	72	1.23E-05
7.92E-10	1.53E-08	37.77973909	UBE3D	0	14	22	8	132	48	1.27E-05
7.92E-10	1.53E-08	37.77973909	GSR	0	14	22	8	132	48	1.27E-05
8.58E-10	1.65E-08	37.62361872	RNF24	9	24	22	8	220	80	1.36E-05
9.06E-10	1.74E-08	37.51753928	RPS19	0	13	22	8	66	24	1.43E-05
9.67E-10	1.85E-08	37.39115553	DCAF12	3	18	22	8	198	72	1.52E-05
9.97E-10	1.89E-08	37.32998029	GTF2F1	0	14	22	8	154	56	1.56E-05
9.99E-10	1.89E-08	37.32708983	ACYP2	99	0	22	8	1012	368	1.56E-05
9.97E-10	1.89E-08	37.32998029	METTL16	0	14	22	8	154	56	1.56E-05
1.02E-09	1.93E-08	37.28442807	PDZD8	16	31	22	8	594	216	1.58E-05
1.18E-09	2.23E-08	36.99962648	UNG	0	14	22	8	176	64	1.82E-05
1.19E-09	2.23E-08	36.98389681	CDC123	2	17	22	8	286	104	1.82E-05
1.19E-09	2.23E-08	36.98389681	TAOK1	2	17	22	8	286	104	1.82E-05
1.25E-09	2.34E-08	36.88720457	USP39	23	36	22	8	528	192	1.91E-05
1.28E-09	2.38E-08	36.84910034	YWHAE	2	17	22	8	308	112	1.94E-05
1.29E-09	2.40E-08	36.82645631	DNAJA1	3	18	22	8	242	88	1.95E-05
1.35E-09	2.49E-08	36.74669935	POLR2G	0	14	22	8	198	72	2.02E-05
1.49E-09	2.75E-08	36.54683385	SUPV3L1	0	14	22	8	220	80	2.23E-05
1.57E-09	2.88E-08	36.44877049	EIF3E	5	20	22	8	242	88	2.33E-05
1.57E-09	2.88E-08	36.44539911	ZNF557	3	18	22	8	286	104	2.33E-05
1.76E-09	3.23E-08	36.21826372	RP11-452L6.1	6	21	22	8	264	96	2.61E-05
2.01E-09	3.66E-08	35.96381762	HPS4	3	18	22	8	374	136	2.96E-05
2.12E-09	3.84E-08	35.85975548	BRI3BP	1	15	22	8	176	64	3.10E-05
2.12E-09	3.84E-08	35.85975548	ISCA1	1	15	22	8	176	64	3.10E-05
2.45E-09	4.43E-08	35.5773952	NUPL1	1	15	22	8	198	72	3.57E-05
2.55E-09	4.59E-08	35.5011038	TEC	143	9	22	8	1276	464	3.69E-05
2.77E-09	4.97E-08	35.34007598	G3BP1	8	23	22	8	418	152	3.99E-05
3.01E-09	5.40E-08	35.17453722	RALGAPA1	1	15	22	8	242	88	4.33E-05
3.14E-09	5.62E-08	35.09227987	KIAA1841	108	3	22	8	770	280	4.50E-05
3.19E-09	5.66E-08	35.06506744	SIRT1	8	23	22	8	484	176	4.53E-05
3.18E-09	5.66E-08	35.06916996	ZNF254	10	25	22	8	616	224	4.53E-05
3.25E-09	5.76E-08	35.02580768	RP11-452L6.5	1	15	22	8	264	96	4.60E-05
3.61E-09	6.38E-08	34.82121227	6-Sep	7	22	22	8	528	192	5.09E-05
4.06E-09	7.12E-08	34.59701227	LYRM2	0	13	22	8	132	48	5.67E-05
4.05E-09	7.12E-08	34.60166828	SMIM7	2	16	22	8	220	80	5.67E-05
4.41E-09	7.73E-08	34.43267045	COMT	3	17	22	8	198	72	6.13E-05
4.65E-09	8.11E-08	34.33173766	SNRNP40	32	41	22	8	550	200	6.43E-05
4.93E-09	8.56E-08	34.21650367	NLRP2	0	13	22	8	154	56	6.78E-05
4.93E-09	8.56E-08	34.21650367	MIS12	0	13	22	8	154	56	6.78E-05
5.56E-09	9.63E-08	33.98193691	EIF3A	2	16	22	8	308	112	7.61E-05
5.69E-09	9.83E-08	33.93657004	EIF3I	0	13	22	8	176	64	7.76E-05
5.86E-09	1.01E-07	33.88080019	POLA2	2	16	22	8	330	120	7.93E-05
5.86E-09	1.01E-07	33.88080019	PISD	2	16	22	8	330	120	7.93E-05
5.88E-09	1.01E-07	33.87292395	COPB1	0	12	22	8	66	24	7.93E-05
6.36E-09	1.09E-07	33.72199056	ISG20	0	13	22	8	198	72	8.52E-05
6.75E-09	1.15E-07	33.60545915	ZCCHC7	3	17	22	8	286	104	9.01E-05
6.90E-09	1.17E-07	33.56404959	MSANTD2	1	14	22	8	132	48	9.17E-05
6.94E-09	1.17E-07	33.5522709	SGPP1	0	13	22	8	220	80	9.19E-05
7.38E-09	1.25E-07	33.43068345	ABO	21	33	22	8	550	200	9.74E-05
7.45E-09	1.25E-07	33.41467484	MRPL52	0	13	22	8	242	88	9.78E-05
8.03E-09	1.35E-07	33.26828063	AC009120.6	3	17	22	8	352	128	0.000105046
8.60E-09	1.44E-07	33.13374126	TCERG1	1	14	22	8	154	56	0.000112123
9.19E-09	1.54E-07	33.00545268	RBM5	149	107	22	8	1628	592	0.000119294
1.12E-08	1.86E-07	32.61860795	HSH2D	8	22	22	8	462	168	0.000144594
1.12E-08	1.86E-07	32.62191547	RCOR1	9	23	22	8	528	192	0.000144594
1.14E-08	1.88E-07	32.59128858	ALDH6A1	0	11	22	8	44	16	0.000145483
1.14E-08	1.88E-07	32.59128858	TAF1D	0	11	22	8	44	16	0.000145483
1.17E-08	1.92E-07	32.54031683	LMO2	13	26	22	8	352	128	0.000148566
1.18E-08	1.95E-07	32.51193165	DNAJB4	2	15	22	8	154	56	0.000150158
1.26E-08	2.07E-07	32.38636364	AK3	1	14	22	8	220	80	0.000159128
1.26E-08	2.07E-07	32.38636364	PPHLN1	1	14	22	8	220	80	0.000159128
1.37E-08	2.23E-07	32.23214286	MED17	1	14	22	8	242	88	0.000171373
1.54E-08	2.51E-07	31.99772727	RSPH3	1	14	22	8	286	104	0.000192592
1.62E-08	2.62E-07	31.90927619	TIAL1	0	12	22	8	110	40	0.000200774
1.73E-08	2.79E-07	31.77943519	ZSCAN30	1	13	22	8	88	32	0.000213814
2.14E-08	3.45E-07	31.36094698	RBM4	2	15	22	8	264	96	0.000263511
2.14E-08	3.45E-07	31.36094698	BZRAP1-AS1	2	15	22	8	264	96	0.000263511
2.41E-08	3.86E-07	31.13571798	RP11-12J10.3	0	12	22	8	154	56	0.000294388
2.68E-08	4.29E-07	30.92933113	KLC1	3	16	22	8	264	96	0.000326142
2.71E-08	4.34E-07	30.90161483	ZNF283	0	12	22	8	176	64	0.000329546
2.74E-08	4.37E-07	30.88172478	PPP1R12A	9	22	22	8	352	128	0.000331648
2.98E-08	4.72E-07	30.72195428	PSMC6	0	12	22	8	198	72	0.000357795
2.98E-08	4.72E-07	30.72319274	SEC14L1	4	17	22	8	264	96	0.000357795
3.03E-08	4.80E-07	30.68508454	NAP1L4	3	16	22	8	308	112	0.000362769
3.21E-08	5.05E-07	30.57748654	STK38	4	17	22	8	286	104	0.000381004
3.20E-08	5.05E-07	30.57972301	ZNF518A	0	12	22	8	220	80	0.000381004
3.31E-08	5.19E-07	30.51713045	GNB4	25	34	22	8	418	152	0.00039101
3.34E-08	5.22E-07	30.50094874	DDX58	2	14	22	8	110	40	0.000392767
3.40E-08	5.30E-07	30.46432783	TM7SF3	0	12	22	8	242	88	0.000397711
3.40E-08	5.30E-07	30.46432783	RPL38	0	12	22	8	242	88	0.000397711
3.44E-08	5.34E-07	30.43933852	NUDT6	1	13	22	8	132	48	0.000399785
3.44E-08	5.34E-07	30.43933852	NOM1	1	13	22	8	132	48	0.000399785
3.66E-08	5.66E-07	30.32227482	ZNF776	0	11	22	8	66	24	0.000422464
3.77E-08	5.81E-07	30.26677968	PHF20	15	27	22	8	528	192	0.000433064
4.07E-08	6.25E-07	30.11763996	FKBP5	16	28	22	8	792	288	0.000465894
4.15E-08	6.37E-07	30.07696545	TRAPPC10	1	13	22	8	154	56	0.000473954
4.44E-08	6.80E-07	29.94693147	5-Mar	15	27	22	8	638	232	0.000504896
5.04E-08	7.68E-07	29.70012626	ADPGK	3	15	22	8	132	48	0.000569854
5.04E-08	7.68E-07	29.70012626	CDK13	3	15	22	8	132	48	0.000569854
5.89E-08	8.95E-07	29.39815178	WWOX	23	33	22	8	990	360	0.000662503
5.94E-08	9.00E-07	29.38412482	CNST	109	5	22	8	1562	568	0.000664784
6.15E-08	9.30E-07	29.31552328	TADA2A	1	13	22	8	242	88	0.00068613
6.19E-08	9.34E-07	29.30225946	C16orf72	0	11	22	8	88	32	0.000688228
7.10E-08	1.07E-06	29.03798808	FAM193A	25	34	22	8	748	272	0.000785822
7.24E-08	1.09E-06	28.99906097	ZNRF1	18	29	22	8	792	288	0.000798744
7.37E-08	1.10E-06	28.96389305	SNRNP35	2	14	22	8	198	72	0.000806413
7.37E-08	1.10E-06	28.96389305	WDHD1	2	14	22	8	198	72	0.000806413
7.37E-08	1.10E-06	28.96389305	MORC3	2	14	22	8	198	72	0.000806413
8.60E-08	1.28E-06	28.66677488	PPP6R3	10	22	22	8	374	136	0.000934028
8.73E-08	1.30E-06	28.63592257	NUP153	2	14	22	8	242	88	0.000945463
9.20E-08	1.36E-06	28.53492465	AGPS	6	18	22	8	220	80	0.000992348
9.30E-08	1.37E-06	28.51484045	LRRC37B	2	14	22	8	264	96	0.000996563
9.30E-08	1.37E-06	28.51484045	RSL1D1	2	14	22	8	264	96	0.000996563
1.01E-07	1.47E-06	28.34863563	MFN1	0	11	22	8	132	48	0.001070203
1.01E-07	1.47E-06	28.34863563	PSMB7	0	11	22	8	132	48	0.001070203
1.01E-07	1.47E-06	28.34863563	SETDB2	0	11	22	8	132	48	0.001070203
1.01E-07	1.47E-06	28.34863563	UBN2	0	11	22	8	132	48	0.001070203
1.01E-07	1.47E-06	28.34863563	RP3-462E2.5	0	11	22	8	132	48	0.001070203
1.02E-07	1.49E-06	28.32662368	BTBD7	2	14	22	8	308	112	0.001072469
1.12E-07	1.62E-06	28.15192819	MYO9B	20	30	22	8	726	264	0.001169398
1.16E-07	1.68E-06	28.0874673	MB21D1	0	11	22	8	154	56	0.001204509
1.20E-07	1.73E-06	28.02350623	TFCP2	3	15	22	8	286	104	0.001240362
1.28E-07	1.84E-06	27.89472734	GGCT	0	11	22	8	176	64	0.001317743
1.28E-07	1.84E-06	27.89472734	ZNF714	0	11	22	8	176	64	0.001317743
1.32E-07	1.88E-06	27.84386837	FNBP1	3	15	22	8	330	120	0.001342849
1.32E-07	1.88E-06	27.84386837	MPPE1	3	15	22	8	330	120	0.001342849
1.38E-07	1.97E-06	27.74893466	NUP160	4	16	22	8	308	112	0.001403207
1.57E-07	2.23E-06	27.50504069	CSNK1A1	7	19	22	8	440	160	0.001585894
1.62E-07	2.29E-06	27.4458411	ZNF292	7	19	22	8	462	168	0.001629156
1.84E-07	2.60E-06	27.19694187	SOAT1	66	57	22	8	638	232	0.001846125
1.95E-07	2.75E-06	27.08406676	MON2	24	32	22	8	550	200	0.001949913
1.97E-07	2.78E-06	27.06020819	ATF7IP2	1	12	22	8	154	56	0.001966864
2.18E-07	3.04E-06	26.86257102	C12orf66	0	10	22	8	66	24	0.0021511
2.18E-07	3.04E-06	26.86983471	CMC1	2	13	22	8	132	48	0.0021511
2.18E-07	3.04E-06	26.86983471	GTF2H3	2	13	22	8	132	48	0.0021511
2.18E-07	3.04E-06	26.86983471	TMEM170A	2	13	22	8	132	48	0.0021511
2.18E-07	3.04E-06	26.86257102	EEF2K	0	10	22	8	66	24	0.0021511
2.26E-07	3.14E-06	26.79704017	SPATA5	7	18	22	8	176	64	0.002204601
2.41E-07	3.35E-06	26.66912125	GPALPP1	1	12	22	8	198	72	0.002346866
2.52E-07	3.49E-06	26.58567806	FAM126B	35	38	22	8	374	136	0.002441486
2.59E-07	3.57E-06	26.53489803	KIAA1147	1	12	22	8	220	80	0.002497356
2.72E-07	3.74E-06	26.43973457	PRSS57	78	1	22	8	924	336	0.002613888
3.33E-07	4.57E-06	26.04855372	RNF145	0	10	22	8	88	32	0.003182068
3.33E-07	4.57E-06	26.04855372	HKR1	0	10	22	8	88	32	0.003182068
3.40E-07	4.65E-06	26.00911472	EWSR1	4	15	22	8	176	64	0.003231271
3.48E-07	4.75E-06	25.96254006	TCF12	23	31	22	8	726	264	0.00329813
3.55E-07	4.83E-06	25.92703349	DMTF1	2	13	22	8	220	80	0.00334714
4.17E-07	5.66E-06	25.61590909	TOP1	2	13	22	8	286	104	0.003918341
4.24E-07	5.72E-06	25.58340097	WEE1	0	10	22	8	110	40	0.003953147
4.24E-07	5.72E-06	25.58340097	NUPL2	0	10	22	8	110	40	0.003953147
4.24E-07	5.72E-06	25.58340097	NUP98	0	10	22	8	110	40	0.003953147
4.60E-07	6.20E-06	25.42458918	EIF4G3	53	50	22	8	1452	528	0.004264383
4.63E-07	6.22E-06	25.41324674	WAC	4	15	22	8	242	88	0.004274003
4.68E-07	6.28E-06	25.39094221	NPIPB5	6	17	22	8	286	104	0.004308067
4.69E-07	6.28E-06	25.38621714	ZNF701	8	19	22	8	418	152	0.004308067
4.85E-07	6.48E-06	25.32325877	SLTM	8	19	22	8	440	160	0.004429724
4.94E-07	6.54E-06	25.2870837	RARS2	3	14	22	8	286	104	0.004469733
4.95E-07	6.54E-06	25.28452062	SND1	4	15	22	8	264	96	0.004469733
4.95E-07	6.54E-06	25.28241979	ACER3	0	10	22	8	132	48	0.004469733
4.95E-07	6.54E-06	25.28241979	UTP6	0	10	22	8	132	48	0.004469733
4.95E-07	6.54E-06	25.28241979	ZBTB24	0	10	22	8	132	48	0.004469733
5.23E-07	6.90E-06	25.17661274	RP11-340I6.8	4	15	22	8	286	104	0.004677254
5.33E-07	7.01E-06	25.14146935	SOS1	150	16	22	8	2200	800	0.004746146
5.38E-07	7.07E-06	25.12218045	ANAPC7	5	16	22	8	308	112	0.004776635
5.52E-07	7.21E-06	25.07173295	NPM1	0	10	22	8	154	56	0.004865071
5.52E-07	7.21E-06	25.07173295	QSER1	0	10	22	8	154	56	0.004865071
5.52E-07	7.21E-06	25.07173295	CCDC43	0	10	22	8	154	56	0.004865071
5.72E-07	7.44E-06	25.00586291	KIAA0391	4	15	22	8	330	120	0.005001239
5.99E-07	7.75E-06	24.91600791	C8orf44-SGK3	0	10	22	8	176	64	0.005199277
5.99E-07	7.75E-06	24.91600791	CNRIP1	0	10	22	8	176	64	0.005199277
5.99E-07	7.75E-06	24.91600791	ZUFSP	0	10	22	8	176	64	0.005199277
6.07E-07	7.83E-06	24.89099474	PPP1R2	5	16	22	8	374	136	0.005232702
6.10E-07	7.85E-06	24.88187799	ARID2	13	23	22	8	528	192	0.005238723
6.12E-07	7.86E-06	24.87299465	CLEC2D	0	9	22	8	44	16	0.005238723
6.12E-07	7.86E-06	24.87299465	GS1-259H13.10	0	9	22	8	44	16	0.005238723
7.99E-07	1.02E-05	24.36054373	PMF1	95	5	22	8	1232	448	0.006792934
8.11E-07	1.03E-05	24.33086445	CHUK	1	11	22	8	132	48	0.006831556
8.11E-07	1.03E-05	24.33086445	ZC3H18	1	11	22	8	132	48	0.006831556
8.11E-07	1.03E-05	24.33086445	NPIPB4	1	11	22	8	132	48	0.006831556
8.11E-07	1.03E-05	24.33086445	CTB-113P19.5	1	11	22	8	132	48	0.006831556
8.81E-07	1.12E-05	24.17292284	CCNI	11	21	22	8	440	160	0.007355552
9.02E-07	1.14E-05	24.12594735	RNF115	106	9	22	8	484	176	0.007510385
9.39E-07	1.19E-05	24.04974871	PAFAH1B2	11	21	22	8	484	176	0.007785771
9.74E-07	1.23E-05	23.97974962	RNF130	56	50	22	8	836	304	0.008045358
1.03E-06	1.30E-05	23.86268211	VEZT	11	21	22	8	572	208	0.008519422
1.11E-06	1.39E-05	23.73263997	NOL9	63	0	22	8	506	184	0.009082553
1.23E-06	1.54E-05	23.52858079	CNPY2	8	18	22	8	286	104	0.010062791
1.25E-06	1.56E-05	23.49116162	TPGS2	0	9	22	8	66	24	0.010162581
1.25E-06	1.56E-05	23.49116162	NKRF	0	9	22	8	66	24	0.010162581
1.25E-06	1.56E-05	23.49776786	OCIAD2	94	6	22	8	638	232	0.010162581
1.25E-06	1.56E-05	23.49116162	LINC00963	0	9	22	8	66	24	0.010162581
1.32E-06	1.63E-05	23.39774164	EIF2S3	2	12	22	8	176	64	0.010560483
1.32E-06	1.63E-05	23.39774164	POLR3E	2	12	22	8	176	64	0.010560483
1.43E-06	1.76E-05	23.23779614	C9orf40	2	12	22	8	198	72	0.011395296
1.43E-06	1.76E-05	23.23779614	RP11-15H20.6	2	12	22	8	198	72	0.011395296
1.65E-06	2.03E-05	22.96718768	GRB2	13	22	22	8	440	160	0.013050835
1.72E-06	2.10E-05	22.88569842	CAPZA2	3	13	22	8	220	80	0.013514405
1.72E-06	2.10E-05	22.88569842	FAM122C	3	13	22	8	220	80	0.013514405
1.72E-06	2.10E-05	22.88569842	STIL	3	13	22	8	220	80	0.013514405
1.75E-06	2.12E-05	22.85626536	EPRS	0	9	22	8	88	32	0.013578573
1.75E-06	2.12E-05	22.85626536	MTO1	0	9	22	8	88	32	0.013578573
1.75E-06	2.12E-05	22.85626536	NEDD8	0	9	22	8	88	32	0.013578573
1.91E-06	2.32E-05	22.67927054	RREB1	6	16	22	8	330	120	0.01476089
1.91E-06	2.32E-05	22.67927054	SLC27A2	6	16	22	8	330	120	0.01476089
1.95E-06	2.35E-05	22.64569257	UBE2G1	5	15	22	8	286	104	0.01494476
2.00E-06	2.41E-05	22.59197823	ZC3HAV1	3	13	22	8	286	104	0.015284679
2.00E-06	2.41E-05	22.59197823	ARFGAP2	3	13	22	8	286	104	0.015284679
2.11E-06	2.52E-05	22.49153772	C12orf75	0	9	22	8	110	40	0.015899911
2.11E-06	2.52E-05	22.49153772	POLD3	0	9	22	8	110	40	0.015899911
2.11E-06	2.52E-05	22.49153772	PPIP5K1	0	9	22	8	110	40	0.015899911
2.11E-06	2.52E-05	22.49153772	ARSD	0	9	22	8	110	40	0.015899911
2.11E-06	2.52E-05	22.49153772	MILR1	0	9	22	8	110	40	0.015899911
2.12E-06	2.52E-05	22.48662808	RBM25	6	16	22	8	396	144	0.015899911
2.22E-06	2.64E-05	22.39152893	POM121	6	16	22	8	440	160	0.016527134
2.39E-06	2.82E-05	22.25478469	GEMIN2	0	9	22	8	132	48	0.017650925
2.39E-06	2.82E-05	22.25478469	TRMT2B	0	9	22	8	132	48	0.017650925
2.56E-06	3.03E-05	22.11834781	RNF168	83	4	22	8	902	328	0.018854284
2.60E-06	3.04E-05	22.08870421	DNASE1	0	9	22	8	154	56	0.018936611
2.60E-06	3.04E-05	22.08870421	IGBP1	0	9	22	8	154	56	0.018936611
2.60E-06	3.04E-05	22.08870421	IPMK	0	9	22	8	154	56	0.018936611
2.60E-06	3.04E-05	22.08870421	DNMBP	0	9	22	8	154	56	0.018936611
2.60E-06	3.04E-05	22.08870421	FKBP11	0	9	22	8	154	56	0.018936611
2.63E-06	3.07E-05	22.06895898	KLF9	1	10	22	8	88	32	0.018942864
2.72E-06	3.17E-05	22.00415303	UBXN2A	83	4	22	8	968	352	0.019524826
2.78E-06	3.22E-05	21.96576151	LRCH1	0	9	22	8	176	64	0.019812498
2.78E-06	3.22E-05	21.96576151	AP1G1	0	9	22	8	176	64	0.019812498
2.80E-06	3.25E-05	21.94607924	TM2D1	27	31	22	8	462	168	0.019914345
2.92E-06	3.37E-05	21.8710815	PSMD4	0	9	22	8	198	72	0.020635679
2.99E-06	3.45E-05	21.82259329	RP11-302B13.5	2	11	22	8	88	32	0.021089857
3.14E-06	3.61E-05	21.73082651	SLC35E2B	72	4	22	8	242	88	0.02204585
3.19E-06	3.66E-05	21.70056045	ARID4B	122	12	22	8	1936	704	0.022318225
3.23E-06	3.70E-05	21.67695246	SPG7	11	20	22	8	572	208	0.022515715
3.82E-06	4.37E-05	21.35073842	MED25	1	10	22	8	132	48	0.026548637
3.82E-06	4.37E-05	21.35073842	ZNF708	1	10	22	8	132	48	0.026548637
3.91E-06	4.46E-05	21.30681818	SPCS3	3	12	22	8	110	40	0.027001802
3.92E-06	4.46E-05	21.30490404	CHEK1	2	11	22	8	110	40	0.027001802
3.95E-06	4.49E-05	21.29038732	PARP4	9	18	22	8	352	128	0.027067362
4.05E-06	4.59E-05	21.24207823	RP11-325F22.2	0	8	22	8	44	16	0.027661408
4.20E-06	4.76E-05	21.17235543	SKP1	26	30	22	8	484	176	0.028586189
4.24E-06	4.79E-05	21.15403983	CCNT1	1	10	22	8	154	56	0.028760095
4.27E-06	4.82E-05	21.13805802	DOCK5	33	34	22	8	418	152	0.028899869
4.33E-06	4.88E-05	21.11201299	H2AFZ	21	0	22	8	22	8	0.029193247
4.57E-06	5.14E-05	21.00887798	MIB1	1	10	22	8	176	64	0.030700298
4.66E-06	5.23E-05	20.97321092	RP11-15H20.7	2	11	22	8	132	48	0.031168231
4.85E-06	5.42E-05	20.89734436	DGCR2	1	10	22	8	198	72	0.032256084
4.85E-06	5.42E-05	20.89734436	EIF3L	1	10	22	8	198	72	0.032256084
5.01E-06	5.59E-05	20.83390095	CHD1	22	27	22	8	374	136	0.033170428
5.07E-06	5.65E-05	20.80896651	ZNF251	1	10	22	8	220	80	0.033427961
5.07E-06	5.65E-05	20.80896651	MYO19	1	10	22	8	220	80	0.033427961
5.25E-06	5.84E-05	20.74254109	RPS29	2	11	22	8	154	56	0.034429032
5.27E-06	5.84E-05	20.73721146	NAE1	1	10	22	8	242	88	0.034429032
5.64E-06	6.24E-05	20.60707301	CFDP1	16	23	22	8	418	152	0.036696359
6.02E-06	6.65E-05	20.48299046	DIAPH1	6	15	22	8	264	96	0.039017567
6.11E-06	6.70E-05	20.45454545	CSE1L	3	12	22	8	176	64	0.039254417
6.10E-06	6.70E-05	20.45560418	MCM4	0	7	22	8	22	8	0.039254417
6.10E-06	6.70E-05	20.45560418	PTER	0	7	22	8	22	8	0.039254417
6.10E-06	6.70E-05	20.45560418	BLCAP	0	7	22	8	22	8	0.039254417
6.14E-06	6.72E-05	20.44276006	CHEK2	2	11	22	8	198	72	0.039254417
6.14E-06	6.72E-05	20.44276006	MDN1	2	11	22	8	198	72	0.039254417
6.37E-06	6.95E-05	20.37395547	TTC17	7	16	22	8	396	144	0.040309513
6.42E-06	6.99E-05	20.35945275	DENND5A	20	26	22	8	770	280	0.040474887
6.54E-06	7.11E-05	20.32316235	GABPB1	34	35	22	8	924	336	0.041106359
6.77E-06	7.35E-05	20.25646081	TRIM5	2	11	22	8	242	88	0.042416637
6.80E-06	7.37E-05	20.24790647	RNF220	246	44	22	8	3476	1264	0.042458521
6.95E-06	7.47E-05	20.20744106	ATAD2	22	27	22	8	528	192	0.042950807
6.95E-06	7.47E-05	20.2058793	ZNF710	0	8	22	8	66	24	0.042950807
6.95E-06	7.47E-05	20.2058793	ZNF418	0	8	22	8	66	24	0.042950807
6.95E-06	7.47E-05	20.2058793	ZNF701	0	8	22	8	66	24	0.042950807
6.95E-06	7.47E-05	20.2058793	ZNF765	0	8	22	8	66	24	0.042950807
7.39E-06	7.93E-05	20.08928571	IMMP2L	3	12	22	8	242	88	0.045175114
7.44E-06	7.97E-05	20.07548143	CTD-2020K17.1	12	20	22	8	550	200	0.045344087
7.59E-06	8.12E-05	20.03745654	JMJD1C	4	13	22	8	264	96	0.046093805
7.70E-06	8.22E-05	20.00988142	PCBP2	3	12	22	8	264	96	0.046600623
7.90E-06	8.42E-05	19.9613536	UBN1	4	13	22	8	286	104	0.047632157
7.98E-06	8.47E-05	19.94318182	ZNF367	3	12	22	8	286	104	0.047837668
7.98E-06	8.47E-05	19.94318182	RP5-1103G7.4	3	12	22	8	286	104	0.047837668
8.17E-06	8.65E-05	19.89658112	CTCF	4	13	22	8	308	112	0.048677795
8.17E-06	8.65E-05	19.89658112	TMEM67	4	13	22	8	308	112	0.048677795
8.22E-06	8.68E-05	19.88636364	C16orf70	3	12	22	8	308	112	0.04868173
8.94E-06	9.36E-05	19.72478693	FDX1	0	8	22	8	88	32	0.052434806
8.94E-06	9.36E-05	19.72478693	IDH3A	0	8	22	8	88	32	0.052434806
8.94E-06	9.36E-05	19.72478693	NDC80	0	8	22	8	88	32	0.052434806
8.94E-06	9.36E-05	19.72478693	LDHA	0	8	22	8	88	32	0.052434806
8.94E-06	9.36E-05	19.72478693	HAUS2	0	8	22	8	88	32	0.052434806
8.99E-06	9.40E-05	19.71457682	USP4	59	49	22	8	1166	424	0.052434806
1.03E-05	0.000107382	19.44697303	DDX55	0	8	22	8	110	40	0.059489508
1.03E-05	0.000107382	19.44697303	PGAP2	0	8	22	8	110	40	0.059489508
1.03E-05	0.000107382	19.44697303	CENPN	0	8	22	8	110	40	0.059489508
1.03E-05	0.000107382	19.44697303	MRPS16	0	8	22	8	110	40	0.059489508
1.05E-05	0.000109286	19.41019845	PCMTD1	14	21	22	8	418	152	0.060107505
1.06E-05	0.000109387	19.4052448	C2orf68	57	1	22	8	374	136	0.060107505
1.09E-05	0.000112117	19.35499581	CALN1	97	8	22	8	1782	648	0.061439885
1.12E-05	0.000115805	19.29001146	RP11-162A12.2	14	21	22	8	462	168	0.06334528
1.14E-05	0.000117071	19.26607096	APOL1	0	8	22	8	132	48	0.063920948
1.14E-05	0.000117387	19.25775367	NDUFA12	2	9	22	8	22	8	0.063976167
1.22E-05	0.000124722	19.13890217	ZNF701	0	8	22	8	154	56	0.067848523
1.28E-05	0.000130821	19.04462187	KRIT1	0	8	22	8	176	64	0.071035795
1.45E-05	0.000147983	18.80630085	RAB10	119	79	22	8	1562	568	0.080206906
1.53E-05	0.000155857	18.7042957	MBTD1	23	27	22	8	704	256	0.084318617
1.53E-05	0.000156307	18.69565298	KANSL1	7	15	22	8	220	80	0.084406046
1.58E-05	0.000160381	18.64346591	PSMB2	1	9	22	8	110	40	0.086445389
1.59E-05	0.000161056	18.63233047	ATR	13	20	22	8	506	184	0.086648167
1.68E-05	0.000170108	18.52496764	SOS2	13	20	22	8	572	208	0.09134818
1.74E-05	0.000176433	18.45227762	NDUFAF6	7	15	22	8	264	96	0.094568008
1.77E-05	0.000178475	18.4268291	ITGA9	57	1	22	8	638	232	0.095484061
1.77E-05	0.000178475	18.42413102	CTA-211A9.5	1	9	22	8	132	48	0.095484061
1.84E-05	0.00018594	18.34295539	PDE7A	8	16	22	8	462	168	0.099105976
1.90E-05	0.000191646	18.28228176	YWHAZ	7	15	22	8	308	112	0.101955411
1.92E-05	0.000192201	18.27059659	BPTF	1	9	22	8	154	56	0.102058569
1.92E-05	0.000192201	18.27059659	TTI1	1	9	22	8	154	56	0.102058569
1.96E-05	0.000196425	18.2261048	SMARCC1	115	77	22	8	2178	792	0.103908887
2.01E-05	0.000200453	18.18437056	OLA1	37	35	22	8	616	224	0.105839165
2.03E-05	0.000203015	18.15711462	CYCS	1	9	22	8	176	64	0.106988913
2.09E-05	0.000208742	18.10107559	STXBP4	4	12	22	8	154	56	0.109798359
2.13E-05	0.000211517	18.0698208	ELP2	1	9	22	8	198	72	0.111046325
2.13E-05	0.000211517	18.0698208	RNFT2	1	9	22	8	198	72	0.111046325
2.14E-05	0.000212194	18.06068974	PAICS	70	4	22	8	484	176	0.111046325
2.17E-05	0.000214835	18.03409091	PTPN14	45	0	22	8	198	72	0.112143999
2.20E-05	0.000217685	18.0059647	NXPE3	55	1	22	8	484	176	0.113413946
2.21E-05	0.000217953	18.00058777	SOD2	1	9	22	8	220	80	0.113413946
2.25E-05	0.000222024	17.96233584	GIGYF2	62	2	22	8	836	304	0.115230352
2.30E-05	0.000226128	17.9244458	PUM1	177	106	22	8	2288	832	0.117134505
2.31E-05	0.000226413	17.91903409	YIPF6	2	8	22	8	22	8	0.117134505
2.43E-05	0.000238693	17.81550481	RP11-69E11.4	5	13	22	8	242	88	0.1231658
2.49E-05	0.000244183	17.76923077	ARHGEF2	50	0	22	8	704	256	0.125754481
2.51E-05	0.000245381	17.75392061	POLR2J2	0	7	22	8	44	16	0.126125903
2.51E-05	0.000245381	17.75392061	SNX22	0	7	22	8	44	16	0.126125903
2.52E-05	0.000245684	17.74857955	ZNF146	6	14	22	8	374	136	0.126125903
2.64E-05	0.000256448	17.66402749	U91328.19	4	12	22	8	220	80	0.131044729
2.70E-05	0.000262307	17.61807528	MTFMT	2	10	22	8	220	80	0.133776736
2.81E-05	0.000271577	17.5431103	STAU2	3	11	22	8	220	80	0.138232916
2.81E-05	0.000271577	17.54557292	TLK2	5	13	22	8	330	120	0.138232916
2.81E-05	0.000271577	17.54557292	PSMD11	5	13	22	8	330	120	0.138232916
2.93E-05	0.000282155	17.46538766	RNF138	3	11	22	8	242	88	0.142770409
2.93E-05	0.000282155	17.46454273	DEGS1	47	0	22	8	352	128	0.142770409
2.99E-05	0.000288184	17.42139817	UBE2D2	11	18	22	8	616	224	0.145244689
3.11E-05	0.0002992	17.34715002	STAT3	3	11	22	8	286	104	0.150497548
3.13E-05	0.000299648	17.3384233	RANBP9	4	12	22	8	330	120	0.150497548
3.12E-05	0.000299648	17.3409579	Y_RNA	61	48	22	8	990	360	0.150497548
3.17E-05	0.000303398	17.3118511	RBM6	46	40	22	8	1100	400	0.151699117
3.73E-05	0.000354354	17.0052613	ACACA	0	7	22	8	66	24	0.176822807
3.73E-05	0.000354354	17.0052613	DPY19L3	0	7	22	8	66	24	0.176822807
3.73E-05	0.000354354	17.0052613	SPTLC1	0	7	22	8	66	24	0.176822807
3.73E-05	0.000354354	17.0052613	MCPH1	0	7	22	8	66	24	0.176822807
3.76E-05	0.000356434	16.99123989	VAMP4	72	5	22	8	484	176	0.176822807
3.85E-05	0.000364727	16.94467108	CLASP2	47	40	22	8	814	296	0.180174984
3.87E-05	0.000366637	16.93185285	BCR	16	21	22	8	352	128	0.180752106
4.39E-05	0.000415092	16.69340015	DENND6A	37	34	22	8	616	224	0.204225222
4.49E-05	0.000421848	16.65412022	UQCC1	0	7	22	8	88	32	0.207127127
4.49E-05	0.000421848	16.65412022	CTC-338M12.4	0	7	22	8	88	32	0.207127127
4.49E-05	0.000421848	16.65412022	WDR74	0	7	22	8	88	32	0.207127127
4.99E-05	0.000467584	16.45031105	MLH1	0	7	22	8	110	40	0.228180864
4.99E-05	0.000467584	16.45031105	NUP85	0	7	22	8	110	40	0.228180864
4.99E-05	0.000467584	16.45031105	KXD1	0	7	22	8	110	40	0.228180864
5.10E-05	0.000476586	16.41130087	EMILIN2	2	9	22	8	66	24	0.231144125
5.11E-05	0.000477331	16.40548282	CDK13	39	0	22	8	132	48	0.231144125
5.12E-05	0.000477539	16.40180249	RILPL2	8	15	22	8	330	120	0.231144125
5.14E-05	0.000478631	16.3946281	ZFYVE20	45	0	22	8	396	144	0.231144125
5.25E-05	0.00048775	16.35601326	BRE	46	0	22	8	572	208	0.234607593
5.36E-05	0.000492675	16.31718715	CAAP1	0	7	22	8	132	48	0.236483967
5.36E-05	0.000492675	16.31718715	QPCTL	0	7	22	8	132	48	0.236483967
5.36E-05	0.000492675	16.31718715	RHOT1	0	7	22	8	132	48	0.236483967
5.36E-05	0.000492675	16.31718715	SUPT6H	0	7	22	8	132	48	0.236483967
5.36E-05	0.000492675	16.31718715	AC013283.1	0	7	22	8	132	48	0.236483967
5.36E-05	0.000492675	16.31718715	LINC00899	0	7	22	8	132	48	0.236483967
5.36E-05	0.000492675	16.31718715	MFSD11	0	7	22	8	132	48	0.236483967
5.63E-05	0.00051386	16.22341021	UBA2	0	7	22	8	154	56	0.243055922
5.63E-05	0.00051386	16.22341021	ZNF3	0	7	22	8	154	56	0.243055922
5.63E-05	0.00051386	16.22341021	CTA-292E10.6	0	7	22	8	154	56	0.243055922
5.63E-05	0.00051386	16.22341021	RP11-386G11.10	0	7	22	8	154	56	0.243055922
5.63E-05	0.00051386	16.22341021	SMYD4	0	7	22	8	154	56	0.243055922
5.69E-05	0.000516157	16.20383523	ATP5S	0	6	22	8	22	8	0.243055922
5.69E-05	0.000516157	16.20383523	TMEM180	0	6	22	8	22	8	0.243055922
5.69E-05	0.000516157	16.20383523	ZNF552	0	6	22	8	22	8	0.243055922
5.69E-05	0.000516157	16.20383523	CWF19L1	0	6	22	8	22	8	0.243055922
5.85E-05	0.000528819	16.14962437	PAIP1	6	13	22	8	176	64	0.245372149
5.85E-05	0.000528819	16.15114627	POGZ	37	34	22	8	968	352	0.245372149
5.84E-05	0.000528819	16.15444215	ZCCHC11	34	32	22	8	660	240	0.245372149
6.41E-05	0.000578555	15.97665848	RSL1D1	1	8	22	8	88	32	0.266713784
6.75E-05	0.000608129	15.8795413	DHX30	29	29	22	8	748	272	0.279739467
7.00E-05	0.00062926	15.8121575	CELF1	7	14	22	8	396	144	0.288830222
7.34E-05	0.000656264	15.7217118	NUP188	1	8	22	8	110	40	0.30056896
7.34E-05	0.000656264	15.7217118	TMEM154	1	8	22	8	110	40	0.30056896
7.34E-05	0.000656264	15.7217118	CD83	1	8	22	8	110	40	0.30056896
7.34E-05	0.000656264	15.7217118	ATG14	1	8	22	8	110	40	0.30056896
7.63E-05	0.000680592	15.6474163	MAPK14	26	27	22	8	682	248	0.308988722
7.63E-05	0.000680592	15.6485008	QRICH1	41	36	22	8	1144	416	0.308988722
7.69E-05	0.000684082	15.63230803	PRKRIP1	11	17	22	8	440	160	0.309205264
7.69E-05	0.000684082	15.6327058	STAT5B	6	13	22	8	286	104	0.309205264
7.75E-05	0.000686802	15.61938637	ATP11B	43	0	22	8	374	136	0.309205264
7.75E-05	0.000686802	15.61953214	UBXN7	60	3	22	8	572	208	0.309205264
8.01E-05	0.00070912	15.5562201	VCPKMT	1	8	22	8	132	48	0.317685564
8.11E-05	0.000716984	15.53267045	OR2W3	9	15	22	8	176	64	0.32049177
8.15E-05	0.000719972	15.52211302	CAMLG	60	3	22	8	616	224	0.32110756
8.32E-05	0.000732541	15.48402163	CERS5	6	13	22	8	352	128	0.325980583
8.32E-05	0.000732541	15.48402163	SPIN1	6	13	22	8	352	128	0.325980583
8.52E-05	0.000748688	15.4401289	ZFYVE20	1	8	22	8	154	56	0.331668933
8.76E-05	0.000768155	15.38626824	API5	10	16	22	8	308	112	0.339524623
8.75E-05	0.000768155	15.38861587	LRCH3	77	7	22	8	506	184	0.339524623
8.91E-05	0.000778006	15.35419126	DDX46	1	8	22	8	176	64	0.3423227
8.91E-05	0.000778006	15.35419126	PIAS1	1	8	22	8	176	64	0.3423227
8.91E-05	0.000778006	15.35419126	C6orf57	1	8	22	8	176	64	0.3423227
9.06E-05	0.000788801	15.32284342	CENPP	5	12	22	8	264	96	0.344706064
9.06E-05	0.000788801	15.32284342	SNRPC	5	12	22	8	264	96	0.344706064
9.14E-05	0.000791909	15.30747064	PSMB7	19	0	22	8	22	8	0.344706064
9.14E-05	0.000791909	15.30747064	ICAM2	3	8	22	8	22	8	0.344706064
9.14E-05	0.000791909	15.30747064	S100A11	3	8	22	8	22	8	0.344706064
9.23E-05	0.000798993	15.2880094	NUFIP2	1	8	22	8	198	72	0.34516486
9.31E-05	0.000804373	15.27269586	PPA2	62	4	22	8	374	136	0.346684842
9.41E-05	0.000812675	15.25066845	LIN52	4	11	22	8	198	72	0.34945045
9.66E-05	0.000832837	15.20175776	CNOT4	2	9	22	8	154	56	0.357287284
9.87E-05	0.00084961	15.16148325	UPF2	4	11	22	8	220	80	0.363633082
0.000102102	0.00087649	15.09744126	CCM2	2	9	22	8	176	64	0.374261148
0.000102102	0.00087649	15.09744126	ZNF431	2	9	22	8	176	64	0.374261148
0.000106531	0.000911985	15.01729076	RBL2	2	9	22	8	198	72	0.387593447
0.000106531	0.000911985	15.01729076	MGME1	2	9	22	8	198	72	0.387593447
0.000109396	0.000935226	14.96719744	CSTF3-AS1	3	10	22	8	220	80	0.395600705
0.000111169	0.000949072	14.93686869	LSM14A	4	11	22	8	308	112	0.40050823
0.00011146	0.000950245	14.93194153	TFDP2	43	0	22	8	748	272	0.40050823
0.000113014	0.000959535	14.90581776	ZC3HC1	3	10	22	8	242	88	0.403004547
0.000113014	0.000959535	14.90581776	NARF	3	10	22	8	242	88	0.403004547
0.000113014	0.000959535	14.90581776	PML	3	10	22	8	242	88	0.403004547
0.000114154	0.000967892	14.88687587	RPN1	42	0	22	8	484	176	0.403610989
0.000118754	0.001005518	14.81236436	SUZ12	3	10	22	8	286	104	0.418295625
0.000135975	0.001149759	14.5571033	ZBTB8A	42	0	22	8	726	264	0.477150013
0.000144111	0.00121689	14.44763755	EMC1	105	14	22	8	748	272	0.503792265
0.000144968	0.001222464	14.43646549	SLC35E2	137	22	22	8	990	360	0.504877614
0.000147535	0.001240735	14.40340909	BCL7B	0	6	22	8	44	16	0.511182875
0.000147535	0.001240735	14.40340909	PIGT	0	6	22	8	44	16	0.511182875
0.000153529	0.001289394	14.32842548	SDE2	5	11	22	8	88	32	0.528651592
0.000164877	0.001382822	14.19421488	HIATL2	8	14	22	8	352	128	0.565574177
0.000178348	0.001493787	14.04647009	MPV17	26	26	22	8	726	264	0.609465238
0.000180337	0.001508408	14.02561475	PHTF1	90	60	22	8	1452	528	0.613921886
0.000183682	0.001534314	13.99105949	NOL9	40	0	22	8	528	192	0.622931417
0.000190012	0.001585054	13.92736253	UBXN4	33	30	22	8	770	280	0.641946948
0.00019393	0.001606923	13.88900162	ANAPC16	0	6	22	8	66	24	0.649196737
0.00019393	0.001606923	13.88900162	SYAP1	0	6	22	8	66	24	0.649196737
0.00019393	0.001606923	13.88900162	XRCC2	0	6	22	8	66	24	0.649196737
0.00019393	0.001606923	13.88900162	ATXN3	0	6	22	8	66	24	0.649196737
0.00019393	0.001606923	13.88900162	RP1-80N2.2	0	6	22	8	66	24	0.649196737
0.000214899	0.001778296	13.69611167	SERINC3	11	16	22	8	418	152	0.70954014
0.000220789	0.001800594	13.64533493	MAP7	0	6	22	8	88	32	0.716636427
0.000220789	0.001800594	13.64533493	MVP	0	6	22	8	88	32	0.716636427
0.000220789	0.001800594	13.64533493	USP40	0	6	22	8	88	32	0.716636427
0.000220789	0.001800594	13.64533493	RINT1	0	6	22	8	88	32	0.716636427
0.000220789	0.001800594	13.64533493	ZNF100	0	6	22	8	88	32	0.716636427
0.000219361	0.001800594	13.65752366	TCF25	14	18	22	8	396	144	0.716636427
0.000220789	0.001800594	13.64533493	TNKS2	0	6	22	8	88	32	0.716636427
0.000220789	0.001800594	13.64533493	DTD2	0	6	22	8	88	32	0.716636427
0.000220789	0.001800594	13.64533493	RSBN1L	0	6	22	8	88	32	0.716636427
0.000220789	0.001800594	13.64533493	TOP3A	0	6	22	8	88	32	0.716636427
0.000220789	0.001800594	13.64533493	ZNF329	0	6	22	8	88	32	0.716636427
0.000224697	0.001830057	13.61239347	CDC27	14	18	22	8	418	152	0.716636427
0.000230215	0.001872537	13.56685203	AC013394.2	6	12	22	8	220	80	0.72279944
0.000238157	0.001914527	13.50319602	MASTL	0	6	22	8	110	40	0.737092783
0.000238157	0.001914527	13.50319602	GLRX3	0	6	22	8	110	40	0.737092783
0.000238157	0.001914527	13.50319602	HIST1H2AC	0	6	22	8	110	40	0.737092783
0.000238157	0.001914527	13.50319602	ATP5O	0	6	22	8	110	40	0.737092783
0.000238157	0.001914527	13.50319602	VIM-AS1	0	6	22	8	110	40	0.737092783
0.000238157	0.001914527	13.50319602	WAC-AS1	0	6	22	8	110	40	0.737092783
0.000238157	0.001914527	13.50319602	IRAK4	0	6	22	8	110	40	0.737092783
0.000238157	0.001914527	13.50319602	ZNF850	0	6	22	8	110	40	0.737092783
0.000238157	0.001914527	13.50319602	C8orf44	0	6	22	8	110	40	0.737092783
0.000242018	0.001943039	13.47302486	SRSF4	14	18	22	8	506	184	0.737092783
0.000250277	0.002006749	13.41007053	GALNT10	0	6	22	8	132	48	0.752530822
0.000254688	0.002039475	13.37730391	FTX	1	7	22	8	66	24	0.762763629
0.000260834	0.002085997	13.33258484	ICMT	38	0	22	8	440	160	0.778076763
0.000270895	0.002163667	13.26162504	INPP5D	107	15	22	8	1078	392	0.804884064
0.000277103	0.002210405	13.21915137	ZMYM2	27	26	22	8	682	248	0.820060277
0.000281058	0.002239068	13.19259404	ST3GAL2	6	12	22	8	396	144	0.828455187
0.000294133	0.002340224	13.10739285	MAML3	34	30	22	8	814	296	0.863542765
0.000306209	0.002433186	13.03202479	SLC9B2	15	18	22	8	242	88	0.895412529
0.000309657	0.002457435	13.01105484	LMO2	3	9	22	8	110	40	0.90187874
0.000343386	0.00272162	12.81753403	ARHGAP15	76	8	22	8	748	272	0.996112761
0.000346747	0.002741249	12.79931006	OGDH	2	8	22	8	110	40	1
0.000346747	0.002741249	12.79931006	CHAF1B	2	8	22	8	110	40	1
0.000355039	0.002781962	12.75510373	PHTF2	1	7	22	8	132	48	1
0.000354011	0.002781962	12.76052576	RAB7A	110	16	22	8	1320	480	1
0.000355039	0.002781962	12.75510373	PACSIN2	1	7	22	8	132	48	1
0.000355039	0.002781962	12.75510373	RP11-977G19.10	1	7	22	8	132	48	1
0.000355039	0.002781962	12.75510373	NUP214	1	7	22	8	132	48	1
0.000355039	0.002781962	12.75510373	MKLN1	1	7	22	8	132	48	1
0.000355039	0.002781962	12.75510373	NXF1	1	7	22	8	132	48	1
0.000357708	0.002799339	12.74109413	MPHOSPH9	4	10	22	8	220	80	1
0.00036651	0.002860994	12.69563533	ABHD17C	3	9	22	8	154	56	1
0.00036651	0.002860994	12.69563533	CTC-260E6.6	3	9	22	8	154	56	1
0.000368765	0.002874972	12.68416809	ARL15	37	0	22	8	616	224	1
0.000371388	0.002877332	12.67091162	KATNBL1	1	7	22	8	154	56	1
0.000371388	0.002877332	12.67091162	UPK3B	1	7	22	8	154	56	1
0.000371388	0.002877332	12.67091162	MICU2	1	7	22	8	154	56	1
0.000371388	0.002877332	12.67091162	BTAF1	1	7	22	8	154	56	1
0.000371388	0.002877332	12.67091162	IFNGR2	1	7	22	8	154	56	1
0.000375821	0.002900794	12.64872995	SELT	2	8	22	8	132	48	1
0.000375821	0.002900794	12.64872995	RPS10-NUDT3	2	8	22	8	132	48	1
0.000375821	0.002900794	12.64872995	STX8	2	8	22	8	132	48	1
0.000383998	0.002952877	12.60849334	SAE1	1	7	22	8	176	64	1
0.000383998	0.002952877	12.60849334	PICALM	1	7	22	8	176	64	1
0.000383998	0.002952877	12.60849334	CASP8AP2	1	7	22	8	176	64	1
0.00038571	0.002960926	12.60017943	GMFG	3	9	22	8	176	64	1
0.000386	0.002960926	12.5987734	AKAP13	4	10	22	8	286	104	1
0.000397624	0.003046324	12.54332386	C1orf159	2	8	22	8	154	56	1
0.000414556	0.003172124	12.46541502	FANCI	2	8	22	8	176	64	1
0.000439112	0.003347618	12.35795455	CTNND1	2	8	22	8	220	80	1
0.000439112	0.003347618	12.35795455	SDCCAG8	2	8	22	8	220	80	1
0.000439112	0.003347618	12.35795455	MAP2K1	2	8	22	8	220	80	1
0.000451307	0.003432146	12.30681818	TCP11L1	0	5	22	8	22	8	1
0.000451307	0.003432146	12.30681818	TRIM65	0	5	22	8	22	8	1
0.000459428	0.003489629	12.27352981	RHOA	37	31	22	8	792	288	1
0.000469187	0.003559389	12.23430999	RP11-384K6.6	41	1	22	8	484	176	1
0.000481587	0.003648995	12.18564354	ATP2C1	129	22	22	8	902	328	1
0.000486839	0.003683175	12.16541202	C5orf24	41	1	22	8	528	192	1
0.000487287	0.003683175	12.16369779	SH3BP2	17	19	22	8	352	128	1
0.000488031	0.003684308	12.16085051	NUDT3	8	13	22	8	330	120	1
0.000522813	0.003942084	12.03248719	FAM20B	84	11	22	8	484	176	1
0.000533578	0.004018371	11.9944981	SLC6A6	33	0	22	8	220	80	1
0.0005359	0.004030958	11.98640691	GATAD2B	116	18	22	8	1804	656	1
0.00054809	0.004113219	11.9444985	TRMT61B	51	3	22	8	682	248	1
0.000548164	0.004113219	11.94424716	MRPS21	45	3	22	8	154	56	1
0.000573148	0.004295492	11.8612259	TADA3	33	0	22	8	242	88	1
0.000584093	0.004372234	11.82600029	KIAA1211	34	0	22	8	374	136	1
0.000588739	0.004401692	11.81125076	KLHL23	44	2	22	8	330	120	1
0.000638122	0.004765158	11.66134437	CCT4	13	16	22	8	242	88	1
0.000658964	0.004914875	11.6015625	TXNDC15	39	1	22	8	396	144	1
0.000660706	0.004916031	11.59665456	METTL6	113	18	22	8	1056	384	1
0.000660175	0.004916031	11.5981484	NANS	7	12	22	8	352	128	1
0.000664983	0.004941926	11.58465334	ANKRD44	34	0	22	8	528	192	1